1 0.71015625 0.1328125 0.009375 0.034375
1 0.69375 0.21484375 0.021875 0.0109375
1 0.703125 0.28125 0.0265625 0.01875
1 0.65234375 0.16796875 0.0234375 0.021875
1 0.63671875 0.26484375 0.009375 0.034375
1 0.6390625 0.3125 0.015625 0.0265625
1 0.5859375 0.26328125 0.0203125 0.025
1 0.553125 0.115625 0.0140625 0.0328125
1 0.6140625 0.38203125 0.01875 0.028125
1 0.57890625 0.33828125 0.015625 0.03125
1 0.55625 0.32578125 0.01875 0.028125
1 0.50390625 0.24453125 0.0125 0.03125
1 0.51328125 0.3234375 0.0140625 0.0359375
1 0.47578125 0.27734375 0.015625 0.025
1 0.4671875 0.16640625 0.0125 0.0375
1 0.41640625 0.12265625 0.01875 0.0234375
1 0.35234375 0.18046875 0.0140625 0.0296875
1 0.41953125 0.28828125 0.015625 0.025
1 0.39609375 0.34609375 0.025 0.021875
1 0.446875 0.35234375 0.0125 0.034375
1 0.45078125 0.40625 0.0125 0.0375
1 0.5390625 0.39609375 0.01875 0.01875
1 0.503125 0.3984375 0.0125 0.0375
1 0.31875 0.38125 0.009375 0.028125
1 0.3078125 0.4140625 0.009375 0.0234375
1 0.25703125 0.39453125 0.01875 0.028125
1 0.259375 0.27578125 0.0125 0.028125
1 0.79140625 0.36796875 0.021875 0.028125
1 0.72265625 0.37421875 0.01875 0.0171875
1 0.7546875 0.43046875 0.015625 0.03125
1 0.74140625 0.4828125 0.025 0.0234375
1 0.74453125 0.56484375 0.009375 0.034375
1 0.765625 0.646875 0.009375 0.0375
1 0.73671875 0.70390625 0.0234375 0.01875
1 0.709375 0.62734375 0.01875 0.0296875
1 0.7109375 0.56171875 0.009375 0.0375
1 0.6984375 0.50703125 0.009375 0.0375
1 0.68125 0.3890625 0.025 0.0125
1 0.6609375 0.44140625 0.025 0.015625
1 0.65859375 0.48515625 0.015625 0.0328125
1 0.64140625 0.52265625 0.021875 0.0265625
1 0.66484375 0.56640625 0.01875 0.028125
1 0.57578125 0.45546875 0.0203125 0.034375
1 0.61328125 0.509375 0.009375 0.0375
1 0.609375 0.5671875 0.015625 0.0328125
1 0.60703125 0.61640625 0.0125 0.040625
1 0.6484375 0.67578125 0.01875 0.028125
1 0.6671875 0.62109375 0.009375 0.0375
1 0.60625 0.68203125 0.015625 0.03125
1 0.56328125 0.6421875 0.015625 0.0234375
1 0.55703125 0.60234375 0.0203125 0.028125
1 0.56953125 0.54453125 0.0109375 0.0328125
1 0.5328125 0.5359375 0.0140625 0.034375
1 0.51328125 0.465625 0.025 0.015625
1 0.47734375 0.509375 0.009375 0.0375
1 0.47734375 0.55859375 0.0109375 0.0375
1 0.52421875 0.58828125 0.0234375 0.015625
1 0.5109375 0.628125 0.0234375 0.0203125
1 0.5328125 0.6875 0.009375 0.034375
1 0.44375 0.4765625 0.015625 0.034375
1 0.41796875 0.43359375 0.021875 0.0125
1 0.415625 0.51171875 0.01875 0.0328125
1 0.39375 0.5609375 0.015625 0.028125
1 0.3796875 0.4984375 0.0125 0.025
1 0.34921875 0.496875 0.0203125 0.025
1 0.3515625 0.57109375 0.025 0.01875
1 0.390625 0.63984375 0.021875 0.01875
1 0.4125 0.6390625 0.009375 0.0375
1 0.428125 0.5890625 0.015625 0.0375
1 0.44140625 0.6421875 0.021875 0.0265625
1 0.42109375 0.72578125 0.01875 0.028125
1 0.340625 0.703125 0.0125 0.0328125
1 0.31328125 0.6109375 0.0203125 0.028125
1 0.2703125 0.553125 0.0125 0.034375
1 0.221875 0.5953125 0.015625 0.0328125
1 0.27734375 0.67890625 0.0234375 0.021875
1 0.29765625 0.803125 0.021875 0.025
1 0.3609375 0.7453125 0.009375 0.021875
1 0.3859375 0.77265625 0.01875 0.028125
1 0.3765625 0.83515625 0.01875 0.0125
1 0.42890625 0.80546875 0.01875 0.01875
1 0.4453125 0.7625 0.009375 0.015625
1 0.47890625 0.70546875 0.0125 0.034375
1 0.4734375 0.65703125 0.009375 0.0375
1 0.4921875 0.80625 0.01875 0.03125
1 0.52734375 0.83984375 0.0203125 0.021875
1 0.51953125 0.7484375 0.0171875 0.0171875
1 0.5578125 0.7203125 0.028125 0.01875
1 0.5890625 0.73359375 0.025 0.01875
1 0.6265625 0.775 0.015625 0.0328125
1 0.6703125 0.7296875 0.025 0.0234375
1 0.7875 0.75859375 0.0171875 0.0265625