1 0.72265625 0.140625 0.009375 0.034375
1 0.703125 0.22109375 0.021875 0.0109375
1 0.7109375 0.2890625 0.0265625 0.01875
1 0.66328125 0.1734375 0.0234375 0.021875
1 0.64453125 0.26953125 0.009375 0.034375
1 0.6453125 0.3171875 0.015625 0.0265625
1 0.59375 0.26640625 0.0203125 0.025
1 0.5671875 0.1171875 0.0140625 0.0328125
1 0.61875 0.38671875 0.01875 0.028125
1 0.58515625 0.34140625 0.015625 0.03125
1 0.5625 0.32734375 0.01875 0.028125
1 0.51328125 0.24453125 0.0125 0.03125
1 0.51953125 0.3234375 0.0140625 0.0359375
1 0.48359375 0.27734375 0.015625 0.025
1 0.478125 0.16484375 0.0125 0.0375
1 0.42890625 0.11953125 0.01875 0.0234375
1 0.36328125 0.17578125 0.0140625 0.0296875
1 0.42734375 0.28515625 0.015625 0.025
1 0.40078125 0.34296875 0.025 0.021875
1 0.4515625 0.35078125 0.0125 0.034375
1 0.45390625 0.4046875 0.0125 0.0375
1 0.5421875 0.39765625 0.01875 0.01875
1 0.50625 0.3984375 0.0125 0.0375
1 0.3234375 0.375 0.009375 0.028125
1 0.3109375 0.4078125 0.009375 0.0234375
1 0.26015625 0.38671875 0.01875 0.028125
1 0.2671875 0.26796875 0.0125 0.028125
1 0.79609375 0.37890625 0.021875 0.028125
1 0.72734375 0.38203125 0.01875 0.0171875
1 0.75625 0.43984375 0.015625 0.03125
1 0.74140625 0.490625 0.025 0.0234375
1 0.7421875 0.57265625 0.009375 0.034375
1 0.7609375 0.65625 0.009375 0.0375
1 0.72890625 0.71171875 0.0234375 0.01875
1 0.7046875 0.63515625 0.01875 0.0296875
1 0.70859375 0.56953125 0.009375 0.0375
1 0.6984375 0.51328125 0.009375 0.0375
1 0.684375 0.3953125 0.025 0.0125
1 0.6625 0.44765625 0.025 0.015625
1 0.65859375 0.49140625 0.015625 0.0328125
1 0.63984375 0.52734375 0.021875 0.0265625
1 0.66171875 0.57265625 0.01875 0.028125
1 0.57734375 0.45859375 0.0203125 0.034375
1 0.61328125 0.5140625 0.009375 0.0375
1 0.60625 0.5703125 0.015625 0.0328125
1 0.60234375 0.61953125 0.0125 0.040625
1 0.6421875 0.68046875 0.01875 0.028125
1 0.6625 0.62734375 0.009375 0.0375
1 0.6 0.68515625 0.015625 0.03125
1 0.55859375 0.64375 0.015625 0.0234375
1 0.55390625 0.60390625 0.0203125 0.028125
1 0.56796875 0.54765625 0.0109375 0.0328125
1 0.53125 0.5375 0.0140625 0.034375
1 0.51484375 0.465625 0.025 0.015625
1 0.47734375 0.5078125 0.009375 0.0375
1 0.47578125 0.55703125 0.0109375 0.0375
1 0.52109375 0.5890625 0.0234375 0.015625
1 0.50625 0.628125 0.0234375 0.0203125
1 0.5265625 0.6890625 0.009375 0.034375
1 0.4453125 0.475 0.015625 0.034375
1 0.42109375 0.43046875 0.021875 0.0125
1 0.415625 0.50859375 0.01875 0.0328125
1 0.3921875 0.5578125 0.015625 0.028125
1 0.3796875 0.49375 0.0125 0.025
1 0.34921875 0.4921875 0.0203125 0.025
1 0.3484375 0.56640625 0.025 0.01875
1 0.3859375 0.6359375 0.021875 0.01875
1 0.4078125 0.6359375 0.009375 0.0375
1 0.425 0.5859375 0.015625 0.0375
1 0.43671875 0.640625 0.021875 0.0265625
1 0.41328125 0.72265625 0.01875 0.028125
1 0.334375 0.696875 0.0125 0.0328125
1 0.31015625 0.6046875 0.0203125 0.028125
1 0.26875 0.5453125 0.0125 0.034375
1 0.21875 0.5859375 0.015625 0.0328125
1 0.27109375 0.67109375 0.0234375 0.021875
1 0.28671875 0.7953125 0.021875 0.0265625
1 0.353125 0.740625 0.009375 0.021875
1 0.3765625 0.76796875 0.01875 0.028125
1 0.365625 0.83046875 0.01875 0.0125
1 0.41796875 0.80234375 0.01875 0.01875
1 0.4359375 0.7609375 0.009375 0.015625
1 0.47109375 0.70390625 0.0125 0.034375
1 0.46875 0.65546875 0.009375 0.0375
1 0.48125 0.80625 0.01875 0.03125
1 0.51484375 0.840625 0.0203125 0.021875
1 0.51015625 0.7484375 0.0171875 0.0171875
1 0.55 0.721875 0.028125 0.01875
1 0.58125 0.73671875 0.025 0.01875
1 0.6171875 0.7796875 0.015625 0.0328125
1 0.6625 0.7359375 0.025 0.0234375
1 0.778125 0.76796875 0.0171875 0.0265625