1 0.13671875 0.28359375 0.03515625 0.009375
1 0.21796875 0.3015625 0.0109375 0.02265625
1 0.28515625 0.29296875 0.01796875 0.0265625
1 0.1703125 0.3421875 0.02265625 0.0234375
1 0.2671875 0.359375 0.03515625 0.01015625
1 0.31484375 0.3578125 0.0265625 0.01484375
1 0.26484375 0.41015625 0.02578125 0.0203125
1 0.11640625 0.43984375 0.0328125 0.0140625
1 0.384375 0.38359375 0.02890625 0.01875
1 0.33984375 0.41796875 0.03203125 0.01484375
1 0.3265625 0.440625 0.02890625 0.01953125
1 0.24453125 0.49140625 0.03125 0.0125
1 0.3234375 0.48359375 0.0359375 0.0140625
1 0.27734375 0.5203125 0.025 0.01484375
1 0.165625 0.52734375 0.0375 0.0125
1 0.12109375 0.57734375 0.0234375 0.01953125
1 0.178125 0.6421875 0.0296875 0.0140625
1 0.28671875 0.5765625 0.02578125 0.015625
1 0.34453125 0.6015625 0.021875 0.02421875
1 0.3515625 0.55078125 0.03515625 0.01328125
1 0.40546875 0.54765625 0.0375 0.01171875
1 0.396875 0.459375 0.01953125 0.01875
1 0.3984375 0.4953125 0.03671875 0.01171875
1 0.378125 0.67890625 0.028125 0.00859375
1 0.4109375 0.690625 0.0234375 0.01015625
1 0.390625 0.74140625 0.028125 0.01875
1 0.271875 0.73671875 0.02734375 0.01171875
1 0.3734375 0.20625 0.028125 0.02109375
1 0.378125 0.275 0.0171875 0.01953125
1 0.43515625 0.24453125 0.03125 0.01484375
1 0.48671875 0.25859375 0.0234375 0.02421875
1 0.56875 0.25625 0.03359375 0.00859375
1 0.6515625 0.23671875 0.0375 0.00859375
1 0.7078125 0.2671875 0.01953125 0.0234375
1 0.63125 0.29296875 0.0296875 0.01875
1 0.565625 0.28984375 0.03828125 0.01015625
1 0.51015625 0.3015625 0.03828125 0.009375
1 0.3921875 0.3171875 0.0125 0.02578125
1 0.44453125 0.33828125 0.01640625 0.025
1 0.48828125 0.34140625 0.0328125 0.01640625
1 0.525 0.359375 0.0265625 0.02109375
1 0.56953125 0.33671875 0.02890625 0.01875
1 0.45703125 0.4234375 0.034375 0.0203125
1 0.51171875 0.38671875 0.03671875 0.009375
1 0.56875 0.3921875 0.0328125 0.01640625
1 0.61796875 0.3953125 0.03984375 0.0125
1 0.678125 0.3546875 0.028125 0.01875
1 0.62421875 0.33515625 0.03671875 0.009375
1 0.68359375 0.396875 0.03046875 0.01640625
1 0.64296875 0.4390625 0.0234375 0.01640625
1 0.603125 0.44453125 0.02890625 0.0203125
1 0.54609375 0.43125 0.0328125 0.0109375
1 0.53671875 0.46796875 0.03359375 0.0140625
1 0.465625 0.4859375 0.01484375 0.025
1 0.50859375 0.52265625 0.0375 0.009375
1 0.5578125 0.5234375 0.03671875 0.0109375
1 0.5890625 0.47734375 0.015625 0.0234375
1 0.628125 0.49140625 0.0203125 0.0234375
1 0.68828125 0.4703125 0.03359375 0.01015625
1 0.47578125 0.55546875 0.03359375 0.01640625
1 0.43203125 0.58046875 0.01328125 0.02109375
1 0.51015625 0.584375 0.0328125 0.01796875
1 0.559375 0.60703125 0.02890625 0.01640625
1 0.49609375 0.6203125 0.02578125 0.0125
1 0.49453125 0.65078125 0.02578125 0.0203125
1 0.56875 0.65 0.01875 0.02421875
1 0.63828125 0.61171875 0.01875 0.021875
1 0.6375 0.58984375 0.03671875 0.01015625
1 0.5875 0.5734375 0.03671875 0.01484375
1 0.64140625 0.5609375 0.0265625 0.021875
1 0.72421875 0.5828125 0.02890625 0.01875
1 0.7 0.6625 0.0328125 0.01171875
1 0.6078125 0.68828125 0.02734375 0.0203125
1 0.54921875 0.73046875 0.03359375 0.01171875
1 0.590625 0.7796875 0.0328125 0.01484375
1 0.675 0.72578125 0.02109375 0.0234375
1 0.79921875 0.7078125 0.02578125 0.02109375
1 0.74296875 0.64296875 0.021875 0.00859375
1 0.7703125 0.61875 0.02890625 0.01875
1 0.8328125 0.62890625 0.01171875 0.01953125
1 0.80390625 0.5765625 0.01796875 0.01875
1 0.76171875 0.559375 0.01640625 0.009375
1 0.7046875 0.525 0.03515625 0.01328125
1 0.65625 0.52890625 0.0375 0.009375
1 0.80625 0.51328125 0.03125 0.01796875
1 0.840625 0.47890625 0.021875 0.0203125
1 0.7484375 0.48515625 0.0171875 0.0171875
1 0.72109375 0.44609375 0.01875 0.02734375
1 0.73515625 0.41484375 0.01953125 0.025
1 0.77734375 0.378125 0.0328125 0.01484375
1 0.7328125 0.33359375 0.0234375 0.02421875
1 0.76328125 0.2171875 0.0265625 0.0171875