0 0.8328125 0.35078125 0.03125 0.025
0 0.7640625 0.31015625 0.0359375 0.0296875
0 0.603125 0.18671875 0.0265625 0.028125
0 0.68359375 0.3125 0.0234375 0.0265625
0 0.76796875 0.39296875 0.0234375 0.0265625
0 0.778125 0.44609375 0.0359375 0.0296875
0 0.83359375 0.48125 0.028125 0.028125
0 0.703125 0.41015625 0.028125 0.0265625
0 0.66875 0.359375 0.0234375 0.025
0 0.6140625 0.28515625 0.0265625 0.0234375
0 0.52421875 0.26640625 0.0265625 0.0234375
0 0.5984375 0.3421875 0.028125 0.025
0 0.6421875 0.4125 0.0296875 0.0265625
0 0.7390625 0.4921875 0.0296875 0.0265625
0 0.80078125 0.53359375 0.0265625 0.021875
0 0.76484375 0.5765625 0.028125 0.0234375
0 0.690625 0.5328125 0.0296875 0.0265625
0 0.6359375 0.47421875 0.0234375 0.025
0 0.58359375 0.39921875 0.028125 0.028125
0 0.53359375 0.3421875 0.0296875 0.028125
0 0.4546875 0.315625 0.0265625 0.025
0 0.396875 0.246875 0.0265625 0.025
0 0.48203125 0.36484375 0.0203125 0.021875
0 0.54375 0.42109375 0.0328125 0.028125
0 0.5578125 0.46796875 0.03125 0.0296875
0 0.48359375 0.4078125 0.034375 0.0265625
0 0.39921875 0.36953125 0.0359375 0.0296875
0 0.48203125 0.45078125 0.0328125 0.028125
0 0.5125 0.4890625 0.0296875 0.0265625
0 0.565625 0.53515625 0.028125 0.028125
0 0.6390625 0.56484375 0.03125 0.0265625
0 0.64609375 0.6125 0.0265625 0.028125
0 0.53203125 0.57265625 0.0234375 0.025
0 0.44375 0.490625 0.03125 0.0296875
0 0.38203125 0.45390625 0.028125 0.028125
0 0.42265625 0.42578125 0.025 0.025
0 0.340625 0.3765625 0.025 0.0265625
0 0.4609375 0.565625 0.0328125 0.028125
0 0.62890625 0.6859375 0.0234375 0.0265625
0 0.5515625 0.6765625 0.025 0.0265625
0 0.46953125 0.66953125 0.034375 0.028125
0 0.44765625 0.603125 0.0265625 0.0265625
0 0.4 0.615625 0.0328125 0.028125
0 0.37265625 0.56484375 0.0328125 0.028125
0 0.37890625 0.5140625 0.0328125 0.028125
0 0.3140625 0.4703125 0.0328125 0.0328125
0 0.28984375 0.484375 0.025 0.0265625
0 0.2484375 0.41171875 0.0328125 0.03125
0 0.31875 0.5765625 0.03125 0.0265625