0 0.75390625 0.64453125 0.025 0.025
0 0.659375 0.45390625 0.0296875 0.025
0 0.6953125 0.4265625 0.01875 0.025
0 0.73984375 0.5140625 0.0328125 0.0265625
0 0.50859375 0.4921875 0.034375 0.0203125
0 0.62421875 0.41015625 0.03125 0.01875
0 0.66640625 0.609375 0.03125 0.01875
0 0.68984375 0.71171875 0.021875 0.0265625
0 0.64296875 0.2796875 0.0203125 0.0234375
0 0.6921875 0.47578125 0.034375 0.021875
0 0.54765625 0.73359375 0.01875 0.0265625
0 0.36875 0.43828125 0.028125 0.0234375
0 0.484375 0.59296875 0.0296875 0.01875
0 0.4203125 0.67265625 0.0265625 0.025
0 0.528125 0.621875 0.0328125 0.025
0 0.5234375 0.684375 0.028125 0.0234375
0 0.49765625 0.2828125 0.0390625 0.0203125
0 0.471875 0.6375 0.0328125 0.01875
0 0.471875 0.34375 0.025 0.021875
0 0.43046875 0.390625 0.0296875 0.028125
0 0.571875 0.26171875 0.028125 0.028125
0 0.59296875 0.54296875 0.03125 0.0234375
0 0.559375 0.45546875 0.0203125 0.0234375
0 0.62109375 0.703125 0.0359375 0.0234375
0 0.65625 0.55625 0.0328125 0.0296875
0 0.60703125 0.384375 0.034375 0.0234375
0 0.35546875 0.62734375 0.0359375 0.0234375
0 0.36328125 0.49375 0.0234375 0.028125
0 0.50390625 0.534375 0.03125 0.0203125
0 0.65703125 0.5125 0.028125 0.028125
0 0.60234375 0.4953125 0.0296875 0.01875
0 0.54765625 0.58359375 0.0203125 0.025
0 0.60546875 0.32890625 0.0328125 0.01875
0 0.35703125 0.7046875 0.0359375 0.0203125
0 0.54140625 0.3703125 0.0359375 0.021875
0 0.41875 0.5921875 0.03125 0.0203125
0 0.4265625 0.53203125 0.0359375 0.0203125
0 0.7015625 0.3359375 0.0359375 0.0203125
0 0.43671875 0.48203125 0.03125 0.0203125
0 0.47734375 0.39609375 0.01875 0.025
0 0.53984375 0.3171875 0.0328125 0.01875
0 0.8 0.371875 0.0359375 0.0203125
0 0.709375 0.56171875 0.0328125 0.01875
0 0.46953125 0.75078125 0.034375 0.0203125
0 0.6 0.62578125 0.034375 0.021875
0 0.54296875 0.409375 0.0328125 0.01875