0 0.30703125 0.28046875 0.0203125 0.01875
0 0.334375 0.49140625 0.025 0.0171875
0 0.29140625 0.50546875 0.01328125 0.02265625
0 0.278125 0.40859375 0.02890625 0.01796875
0 0.4890625 0.5046875 0.0328125 0.009375
0 0.353125 0.54453125 0.0296875 0.01015625
0 0.378125 0.3421875 0.0296875 0.00859375
0 0.3890625 0.23828125 0.01640625 0.0234375
0 0.29296875 0.66171875 0.015625 0.01875
0 0.31015625 0.46015625 0.03125 0.0125
0 0.53125 0.2640625 0.0125 0.0234375
0 0.60390625 0.60078125 0.02578125 0.015625
0 0.5453125 0.4171875 0.02734375 0.009375
0 0.63125 0.3625 0.02109375 0.01953125
0 0.51328125 0.37578125 0.02734375 0.0171875
0 0.53828125 0.31796875 0.025 0.015625
0 0.43125 0.70625 0.03671875 0.009375
0 0.57109375 0.37890625 0.03046875 0.01015625
0 0.47578125 0.65703125 0.02109375 0.01640625
0 0.53046875 0.62578125 0.02421875 0.0203125
0 0.3546875 0.70234375 0.02109375 0.02109375
0 0.42578125 0.42890625 0.028125 0.01640625
0 0.4296875 0.52265625 0.015625 0.01953125
0 0.4515625 0.26875 0.03359375 0.01171875
0 0.3703125 0.39609375 0.0265625 0.02109375
0 0.3609375 0.57421875 0.03125 0.0140625
0 0.678125 0.4265625 0.03359375 0.01171875
0 0.62734375 0.55078125 0.015625 0.02421875
0 0.50703125 0.46640625 0.02734375 0.01328125
0 0.35546875 0.43671875 0.02265625 0.02109375
0 0.4015625 0.47109375 0.028125 0.01015625
0 0.48203125 0.40546875 0.0140625 0.021875
0 0.34453125 0.62734375 0.03203125 0.009375
0 0.7015625 0.353125 0.034375 0.01015625
0 0.41875 0.609375 0.03359375 0.0109375
0 0.60703125 0.4390625 0.028125 0.01171875
0 0.5796875 0.49375 0.034375 0.00859375
0 0.25625 0.58984375 0.034375 0.009375
0 0.55390625 0.5375 0.0296875 0.0109375
0 0.4875 0.60546875 0.01328125 0.02265625
0 0.403125 0.66015625 0.03203125 0.009375
0 0.175 0.5234375 0.03359375 0.009375
0 0.321875 0.3734375 0.03125 0.01015625
0 0.61015625 0.27265625 0.0328125 0.01015625
0 0.44609375 0.3484375 0.03125 0.01171875
0 0.4296875 0.571875 0.03046875 0.00859375