0 0.21640625 0.0875 0.028125 0.0234375
0 0.3125 0.25 0.0234375 0.034375
0 0.34140625 0.309375 0.028125 0.028125
0 0.2890625 0.36953125 0.0265625 0.0296875
0 0.27578125 0.4484375 0.025 0.0265625
0 0.26171875 0.5640625 0.0234375 0.0296875
0 0.22578125 0.628125 0.0234375 0.03125
0 0.275 0.63125 0.025 0.021875
0 0.26953125 0.69609375 0.025 0.0265625
0 0.32109375 0.6140625 0.0203125 0.0296875
0 0.415625 0.68203125 0.021875 0.0296875
0 0.40703125 0.60625 0.0203125 0.03125
0 0.44765625 0.5203125 0.01875 0.0296875
0 0.52109375 0.44609375 0.0265625 0.0296875
0 0.46953125 0.4 0.0234375 0.021875
0 0.409375 0.44140625 0.0234375 0.0328125
0 0.37421875 0.509375 0.028125 0.0203125
0 0.3125 0.50859375 0.0234375 0.028125
0 0.353125 0.4109375 0.0265625 0.028125
0 0.40390625 0.35234375 0.021875 0.0359375
0 0.3953125 0.2546875 0.025 0.03125
0 0.4421875 0.19609375 0.01875 0.0296875
0 0.50390625 0.25234375 0.021875 0.0234375
0 0.47578125 0.3234375 0.01875 0.0296875
0 0.54453125 0.3421875 0.0265625 0.01875
0 0.58359375 0.24765625 0.0265625 0.01875
0 0.571875 0.41796875 0.0265625 0.0234375
0 0.63984375 0.3328125 0.025 0.0265625
0 0.62421875 0.43828125 0.0234375 0.034375
0 0.571875 0.53125 0.025 0.03125
0 0.5078125 0.52734375 0.0265625 0.034375
0 0.4921875 0.60390625 0.025 0.021875
0 0.56015625 0.66015625 0.01875 0.0265625
0 0.6296875 0.57890625 0.021875 0.0359375