0 0.68671875 0.18671875 0.03125 0.00859375
0 0.6078125 0.19296875 0.034375 0.01171875
0 0.4046875 0.184375 0.0171875 0.02265625
0 0.54296875 0.24140625 0.0109375 0.025
0 0.6578125 0.25859375 0.0140625 0.021875
0 0.696875 0.29609375 0.0375 0.009375
0 0.7625 0.29296875 0.02109375 0.01796875
0 0.61484375 0.31015625 0.0203125 0.01875
0 0.5578125 0.28828125 0.01640625 0.01796875
0 0.4703125 0.25859375 0.0265625 0.009375
0 0.3859375 0.29453125 0.021875 0.0140625
0 0.48984375 0.3140625 0.02421875 0.01171875
0 0.56640625 0.346875 0.02421875 0.015625
0 0.69140625 0.35625 0.025 0.01640625
0 0.765625 0.3546875 0.02890625 0.00703125
0 0.7609375 0.4109375 0.02734375 0.009375
0 0.675 0.41796875 0.025 0.01640625
0 0.59609375 0.40078125 0.0125 0.02265625
0 0.5109375 0.36953125 0.02109375 0.01875
0 0.4375 0.3515625 0.02578125 0.0171875
0 0.35703125 0.375 0.02109375 0.01640625
0 0.2703125 0.3515625 0.0234375 0.0140625
0 0.4078125 0.39921875 0.0125 0.01875
0 0.490625 0.41015625 0.03515625 0.009375
0 0.52890625 0.440625 0.02734375 0.01640625
0 0.43359375 0.43359375 0.0359375 0.0078125
0 0.34296875 0.45078125 0.0375 0.01015625
0 0.45703125 0.46953125 0.03046875 0.0125
0 0.50390625 0.48359375 0.02890625 0.01328125
0 0.57421875 0.49140625 0.02109375 0.01796875
0 0.65078125 0.4734375 0.0296875 0.01171875
0 0.684375 0.50859375 0.0171875 0.021875
0 0.56796875 0.54140625 0.0125 0.02265625
0 0.4484375 0.525 0.02734375 0.015625
0 0.3765625 0.5296875 0.02265625 0.01796875
0 0.39375 0.48359375 0.015625 0.0203125
0 0.2984375 0.490625 0.015625 0.02265625
0 0.50546875 0.5765625 0.03046875 0.01328125
0 0.7125 0.578125 0.0140625 0.02265625
0 0.64375 0.61484375 0.01640625 0.021875
0 0.57265625 0.65625 0.0359375 0.01015625
0 0.51640625 0.61484375 0.01796875 0.01796875
0 0.484375 0.65234375 0.034375 0.00859375
0 0.4328125 0.6265625 0.03125 0.01328125
0 0.40859375 0.58125 0.03359375 0.009375
0 0.33046875 0.58203125 0.025 0.021875
0 0.31875 0.6078125 0.015625 0.02109375
0 0.24296875 0.571875 0.02421875 0.0203125
0 0.3953125 0.66640625 0.0296875 0.01328125