0 0.3859375 0.52734375 0.0265625 0.0265625
0 0.41328125 0.2640625 0.0328125 0.03125
0 0.79375 0.45390625 0.0265625 0.0265625
0 0.5015625 0.6203125 0.025 0.025
0 0.42421875 0.35546875 0.0234375 0.025
0 0.69765625 0.7109375 0.0296875 0.028125
0 0.73671875 0.60625 0.034375 0.0328125
0 0.3609375 0.40625 0.0234375 0.025
0 0.33515625 0.36484375 0.0328125 0.0328125
0 0.51953125 0.46796875 0.0234375 0.0234375
0 0.46171875 0.475 0.0296875 0.0296875
0 0.5671875 0.33984375 0.028125 0.028125
0 0.7171875 0.47890625 0.03125 0.0296875
0 0.81171875 0.51640625 0.028125 0.025
0 0.62109375 0.6921875 0.0328125 0.0328125
0 0.49375 0.3515625 0.03125 0.0296875
0 0.5546875 0.55234375 0.028125 0.0265625
0 0.45625 0.5625 0.034375 0.0328125
0 0.23203125 0.41796875 0.034375 0.0328125
0 0.553125 0.22578125 0.0328125 0.03125
0 0.559375 0.6171875 0.025 0.0265625
0 0.60390625 0.44921875 0.028125 0.0296875
0 0.6984375 0.8015625 0.03125 0.0296875
0 0.59375 0.29609375 0.0296875 0.028125
0 0.746875 0.39140625 0.025 0.025
0 0.84765625 0.628125 0.0296875 0.028125
0 0.67421875 0.7453125 0.0296875 0.0296875
0 0.640625 0.41171875 0.028125 0.028125
0 0.640625 0.59453125 0.028125 0.0296875
0 0.6671875 0.36953125 0.028125 0.0265625
0 0.6796875 0.49375 0.028125 0.025
0 0.5515625 0.39921875 0.0296875 0.028125
0 0.52265625 0.69375 0.0265625 0.0265625
0 0.63125 0.22578125 0.028125 0.0265625
0 0.74921875 0.33046875 0.0328125 0.0296875
0 0.4859375 0.71171875 0.0265625 0.0265625
0 0.61015625 0.5125 0.034375 0.03125
0 0.50703125 0.25859375 0.0296875 0.028125
0 0.66953125 0.296875 0.0265625 0.0265625
0 0.56875 0.82109375 0.0265625 0.0265625
0 0.5890625 0.75625 0.03125 0.028125
0 0.49453125 0.1953125 0.025 0.0234375