0 0.5875 0.39453125 0.0234375 0.021875
0 0.43046875 0.54375 0.015625 0.01953125
0 0.59609375 0.3171875 0.02578125 0.01640625
0 0.6578125 0.296875 0.0265625 0.015625
0 0.62890625 0.2203125 0.01953125 0.015625
0 0.19765625 0.47265625 0.0296875 0.01328125
0 0.35546875 0.32890625 0.02109375 0.021875
0 0.6421875 0.53359375 0.0328125 0.01328125
0 0.5484375 0.65703125 0.0328125 0.01171875
0 0.6671875 0.36875 0.0234375 0.021875
0 0.8328125 0.4078125 0.0296875 0.0171875
0 0.5859375 0.4796875 0.03125 0.0125
0 0.59453125 0.57109375 0.03046875 0.0140625
0 0.5078125 0.36484375 0.02265625 0.015625
0 0.48359375 0.24609375 0.01796875 0.02109375
0 0.34375 0.440625 0.03046875 0.01484375
0 0.51015625 0.61796875 0.03203125 0.00859375
0 0.359375 0.6078125 0.03125 0.0140625
0 0.72421875 0.30859375 0.02890625 0.0171875
0 0.70234375 0.484375 0.02734375 0.01015625
0 0.4546875 0.471875 0.01328125 0.02265625
0 0.35625 0.53671875 0.0234375 0.01953125
0 0.6390625 0.44375 0.02734375 0.0171875
0 0.27265625 0.72578125 0.02109375 0.02265625
0 0.5125 0.47734375 0.03515625 0.009375
0 0.32265625 0.678125 0.015625 0.01953125
0 0.37109375 0.49140625 0.0296875 0.01875
0 0.18984375 0.59375 0.01875 0.02421875
0 0.75 0.40234375 0.02578125 0.01328125
0 0.46171875 0.70078125 0.0265625 0.01328125
0 0.27109375 0.62109375 0.03203125 0.009375
0 0.29375 0.48671875 0.03125 0.01484375
0 0.40859375 0.284375 0.03125 0.01015625
0 0.20390625 0.34765625 0.02890625 0.0140625
0 0.22578125 0.640625 0.01796875 0.01640625
0 0.24375 0.43046875 0.03125 0.0125
0 0.62265625 0.690625 0.02734375 0.01015625
0 0.234375 0.54453125 0.02578125 0.0125
0 0.81484375 0.4703125 0.01484375 0.021875
0 0.70390625 0.57890625 0.0296875 0.00703125
0 0.7921875 0.34375 0.0359375 0.009375
0 0.5046875 0.53125 0.0296875 0.0125
0 0.4 0.3625 0.021875 0.01484375
0 0.17421875 0.5328125 0.01953125 0.02109375
0 0.2921875 0.57734375 0.01953125 0.021875
0 0.77265625 0.51796875 0.01953125 0.0203125
0 0.4296875 0.40546875 0.0171875 0.02109375
0 0.603125 0.27265625 0.03359375 0.0140625
0 0.57578125 0.1984375 0.01875 0.02421875
0 0.3234375 0.38046875 0.01640625 0.025
0 0.51796875 0.42265625 0.03359375 0.01015625
0 0.42890625 0.63828125 0.03671875 0.009375
0 0.73203125 0.2390625 0.034375 0.0109375
0 0.521875 0.28984375 0.03203125 0.009375
0 0.27265625 0.36640625 0.01171875 0.02578125
0 0.45390625 0.325 0.0296875 0.0109375
0 0.33125 0.28515625 0.03359375 0.009375
0 0.39296875 0.22421875 0.0328125 0.01328125