0 0.56796875 0.5953125 0.02265625 0.01640625
0 0.7203125 0.37890625 0.02421875 0.0203125
0 0.30859375 0.27265625 0.01640625 0.02109375
0 0.4203125 0.58984375 0.01875 0.0171875
0 0.65234375 0.440625 0.01484375 0.01875
0 0.2125 0.5296875 0.02578125 0.015625
0 0.2515625 0.425 0.03046875 0.01640625
0 0.66640625 0.5203125 0.015625 0.01953125
0 0.71328125 0.50625 0.02265625 0.02421875
0 0.50625 0.4625 0.0140625 0.01875
0 0.5453125 0.50625 0.02421875 0.0171875
0 0.55390625 0.33515625 0.01953125 0.0203125
0 0.35 0.34140625 0.02890625 0.01640625
0 0.25390625 0.3078125 0.028125 0.01015625
0 0.2828125 0.565625 0.02890625 0.01875
0 0.60234375 0.3921875 0.0296875 0.0140625
0 0.42421875 0.50390625 0.0234375 0.01484375
0 0.4921875 0.57578125 0.0328125 0.0140625
0 0.75625 0.6140625 0.0328125 0.01484375
0 0.63984375 0.25859375 0.028125 0.0171875
0 0.378125 0.54921875 0.0125 0.0234375
0 0.4546875 0.39375 0.015625 0.02421875
0 0.15234375 0.596875 0.03203125 0.01171875
0 0.56328125 0.284375 0.02578125 0.01640625
0 0.38515625 0.25625 0.0140625 0.02265625
0 0.15390625 0.36875 0.0328125 0.0078125
0 0.2078125 0.57109375 0.028125 0.0140625
0 0.4515625 0.34140625 0.02265625 0.01875
0 0.33203125 0.47890625 0.015625 0.02421875
0 0.459375 0.2921875 0.03203125 0.0078125
0 0.36875 0.37734375 0.02734375 0.01015625
0 0.52734375 0.38984375 0.02421875 0.01484375
0 0.35625 0.63125 0.02109375 0.015625
0 0.58046875 0.20703125 0.0296875 0.01015625
0 0.4234375 0.20859375 0.034375 0.009375
0 0.371875 0.66875 0.01484375 0.021875
0 0.40859375 0.43671875 0.03515625 0.01171875
0 0.653125 0.31328125 0.028125 0.01171875
0 0.50546875 0.23515625 0.01953125 0.01953125
0 0.2375 0.69765625 0.01953125 0.01796875
0 0.26484375 0.63515625 0.0359375 0.00703125
0 0.70390625 0.2734375 0.02265625 0.0125