0 0.62421875 0.55703125 0.0265625 0.028125
0 0.43984375 0.44453125 0.021875 0.0203125
0 0.7015625 0.5453125 0.021875 0.028125
0 0.73671875 0.6 0.021875 0.0296875
0 0.80390625 0.55234375 0.0203125 0.021875
0 0.4484375 0.20078125 0.0203125 0.03125
0 0.628125 0.31640625 0.0265625 0.0265625
0 0.5046875 0.64609375 0.0203125 0.034375
0 0.3609375 0.5875 0.0203125 0.034375
0 0.6703125 0.62734375 0.0265625 0.028125
0 0.675 0.79765625 0.025 0.0328125
0 0.5421875 0.578125 0.0203125 0.0328125
0 0.45546875 0.609375 0.021875 0.034375
0 0.6328125 0.47265625 0.0203125 0.025
0 0.740625 0.41875 0.0265625 0.0234375
0 0.5171875 0.33359375 0.0234375 0.034375
0 0.3890625 0.540625 0.0171875 0.0328125
0 0.359375 0.3921875 0.021875 0.034375
0 0.74296875 0.6671875 0.0234375 0.03125
0 0.5671875 0.69140625 0.015625 0.0296875
0 0.515625 0.44921875 0.025 0.0171875
0 0.42734375 0.3703125 0.0234375 0.028125
0 0.590625 0.61953125 0.0234375 0.03125
0 0.2234375 0.3390625 0.0265625 0.0265625
0 0.525 0.50625 0.0171875 0.0359375
0 0.28203125 0.375 0.021875 0.0203125
0 0.475 0.3734375 0.0265625 0.0328125
0 0.32890625 0.225 0.0296875 0.025
0 0.659375 0.71640625 0.01875 0.028125
0 0.29609375 0.51484375 0.01875 0.028125
0 0.3234375 0.31015625 0.0171875 0.0328125
0 0.459375 0.29765625 0.0234375 0.034375
0 0.684375 0.35625 0.0171875 0.0328125
0 0.5703125 0.17421875 0.0203125 0.03125
0 0.29296875 0.271875 0.0203125 0.021875
0 0.50078125 0.234375 0.0203125 0.0328125
0 0.34765625 0.66796875 0.015625 0.0296875
0 0.38828125 0.2546875 0.01875 0.028125
0 0.61015625 0.79609375 0.025 0.0203125
0 0.4765625 0.7171875 0.0140625 0.0296875
0 0.7265625 0.74140625 0.01875 0.0375
0 0.47109375 0.5125 0.0203125 0.03125
0 0.60703125 0.36796875 0.0203125 0.025
0 0.384375 0.19375 0.0265625 0.0234375
0 0.371875 0.31953125 0.0265625 0.0234375
0 0.553125 0.76796875 0.025 0.0234375
0 0.5734375 0.4078125 0.025 0.021875
0 0.74609375 0.540625 0.021875 0.0375
0 0.8109375 0.4953125 0.0296875 0.025
0 0.56953125 0.2984375 0.028125 0.021875
0 0.5796875 0.49765625 0.0171875 0.0359375
0 0.34765625 0.4671875 0.01875 0.0390625
0 0.81171875 0.65625 0.01875 0.0359375
0 0.70859375 0.46640625 0.0171875 0.0328125
0 0.5703125 0.24609375 0.028125 0.01875
0 0.65703125 0.41015625 0.01875 0.03125
0 0.6640625 0.28125 0.0171875 0.0359375
0 0.7390625 0.325 0.0203125 0.034375