0 0.00703125 0.53125 0.0140625 0.025
0 0.1875 0.50625 0.0265625 0.0328125
0 0.25234375 0.4921875 0.0296875 0.0296875
0 0.2671875 0.4140625 0.028125 0.03125
0 0.32109375 0.35546875 0.0265625 0.028125
0 0.40390625 0.27265625 0.0265625 0.0296875
0 0.43203125 0.2046875 0.0265625 0.03125
0 0.46484375 0.24140625 0.025 0.0234375
0 0.5125 0.19765625 0.0265625 0.028125
0 0.4796875 0.2890625 0.0234375 0.0296875
0 0.59140625 0.32109375 0.0234375 0.0296875
0 0.5265625 0.3609375 0.0234375 0.0296875
0 0.48359375 0.446875 0.021875 0.0296875
0 0.4703125 0.55 0.028125 0.03125
0 0.40234375 0.5375 0.0234375 0.0234375
0 0.39765625 0.46484375 0.025 0.03125
0 0.4296875 0.3953125 0.028125 0.0234375
0 0.39140625 0.346875 0.025 0.028125
0 0.33984375 0.4390625 0.028125 0.0296875
0 0.32421875 0.51484375 0.025 0.034375
0 0.2421875 0.56875 0.028125 0.0328125
0 0.225 0.64140625 0.021875 0.0296875
0 0.30703125 0.65546875 0.0234375 0.0234375
0 0.34609375 0.58984375 0.021875 0.0296875
0 0.403125 0.63203125 0.0265625 0.021875
0 0.35234375 0.72109375 0.0265625 0.021875
0 0.4796875 0.60703125 0.0265625 0.025
0 0.45390625 0.71328125 0.0265625 0.028125
0 0.528125 0.6359375 0.0265625 0.0328125
0 0.56875 0.53671875 0.028125 0.0328125
0 0.5265625 0.4890625 0.0296875 0.034375
0 0.57734375 0.43046875 0.0265625 0.0234375
0 0.66328125 0.44921875 0.0203125 0.0265625
0 0.6421875 0.55390625 0.025 0.034375