0 0.46328125 0.490625 0.028125 0.028125
0 0.5 0.41484375 0.0328125 0.0328125
0 0.54140625 0.18203125 0.03125 0.03125
0 0.32734375 0.6953125 0.025 0.025
0 0.621875 0.1421875 0.028125 0.028125
0 0.5453125 0.465625 0.03125 0.03125
0 0.4171875 0.740625 0.03125 0.03125
0 0.53671875 0.28984375 0.03125 0.03125
0 0.5953125 0.5015625 0.025 0.025
0 0.6875 0.33828125 0.0265625 0.0265625
0 0.4609375 0.27734375 0.0328125 0.0328125
0 0.77265625 0.38203125 0.0265625 0.0265625
0 0.64375 0.3984375 0.028125 0.028125
0 0.10703125 0.578125 0.028125 0.028125
0 0.40703125 0.43828125 0.0265625 0.0265625
0 0.50078125 0.34765625 0.03125 0.03125
0 0.50390625 0.5203125 0.028125 0.028125
0 0.42265625 0.61796875 0.03125 0.03125
0 0.7828125 0.27890625 0.0265625 0.0265625
0 0.43828125 0.39296875 0.0328125 0.0328125
0 0.40625 0.35625 0.0265625 0.0265625
0 0.421875 0.528125 0.025 0.025
0 0.7046875 0.54453125 0.0265625 0.0265625
0 0.50546875 0.61171875 0.028125 0.028125
0 0.49375 0.7375 0.028125 0.028125
0 0.55859375 0.57265625 0.03125 0.03125
0 0.25546875 0.5953125 0.0265625 0.0265625
0 0.26171875 0.33828125 0.0265625 0.0265625
0 0.6078125 0.23671875 0.0265625 0.0265625
0 0.30859375 0.76796875 0.0265625 0.0265625
0 0.39765625 0.6828125 0.028125 0.028125
0 0.3234375 0.38046875 0.025 0.025
0 0.3796875 0.56640625 0.03125 0.03125
0 0.3171875 0.45390625 0.0265625 0.0265625
0 0.59609375 0.3 0.0296875 0.0296875
0 0.45546875 0.2234375 0.025 0.025
0 0.1625 0.61875 0.028125 0.028125
0 0.55390625 0.39375 0.025 0.025
0 0.30703125 0.52265625 0.028125 0.028125
0 0.7046875 0.45703125 0.028125 0.028125
0 0.23515625 0.68046875 0.0265625 0.0265625
0 0.321875 0.60625 0.028125 0.028125
0 0.22734375 0.46953125 0.025 0.025
0 0.596875 0.65 0.0265625 0.0265625
0 0.12734375 0.44375 0.028125 0.028125
0 0.32265625 0.253125 0.028125 0.028125