0 0.2234375 0.0828125 0.01484375 0.0234375
0 0.33828125 0.2328125 0.03125 0.0125
0 0.3828125 0.28125 0.02265625 0.02109375
0 0.4578125 0.25546875 0.025 0.01796875
0 0.5359375 0.27265625 0.02265625 0.01875
0 0.6484375 0.303125 0.025 0.01484375
0 0.721875 0.29375 0.028125 0.0140625
0 0.70625 0.340625 0.015625 0.0203125
0 0.76796875 0.359375 0.02265625 0.01953125
0 0.67265625 0.3765625 0.028125 0.0109375
0 0.70078125 0.48984375 0.0265625 0.01171875
0 0.63359375 0.45390625 0.0296875 0.01015625
0 0.53828125 0.459375 0.028125 0.01015625
0 0.4421875 0.49921875 0.02578125 0.01796875
0 0.41875 0.434375 0.015625 0.01796875
0 0.4796875 0.39375 0.0296875 0.01328125
0 0.55546875 0.38671875 0.01328125 0.02421875
0 0.578125 0.3296875 0.0234375 0.01484375
0 0.47265625 0.33046875 0.02109375 0.0203125
0 0.39921875 0.35546875 0.03359375 0.01015625
0 0.31171875 0.3109375 0.028125 0.015625
0 0.23984375 0.3328125 0.02890625 0.009375
0 0.26875 0.4109375 0.01953125 0.01640625
0 0.3453125 0.41171875 0.02890625 0.009375
0 0.33671875 0.48203125 0.0109375 0.02421875
0 0.234375 0.4828125 0.0109375 0.02421875
0 0.396875 0.5359375 0.01640625 0.021875
0 0.2921875 0.5671875 0.02109375 0.01875
0 0.39609375 0.5921875 0.03046875 0.0125
0 0.50234375 0.578125 0.02890625 0.01484375
0 0.52265625 0.5171875 0.03046875 0.01484375
0 0.59921875 0.53203125 0.0140625 0.02265625
0 0.62578125 0.615625 0.025 0.01015625
0 0.52421875 0.65 0.03359375 0.009375