0 0.40703125 0.42890625 0.025 0.021875
0 0.325 0.68046875 0.0296875 0.0265625
0 0.74921875 0.66171875 0.021875 0.025
0 0.55 0.390625 0.0234375 0.021875
0 0.371875 0.6015625 0.0203125 0.021875
0 0.76640625 0.3875 0.028125 0.021875
0 0.759375 0.49921875 0.034375 0.0234375
0 0.33515625 0.52890625 0.0203125 0.021875
0 0.29453125 0.55625 0.028125 0.0296875
0 0.5046875 0.5375 0.01875 0.021875
0 0.4546875 0.50703125 0.0296875 0.0234375
0 0.496875 0.6734375 0.0234375 0.025
0 0.68984375 0.6078125 0.03125 0.0234375
0 0.79140625 0.61171875 0.0296875 0.0171875
0 0.68828125 0.3734375 0.0328125 0.0265625
0 0.43359375 0.6328125 0.0328125 0.021875
0 0.57109375 0.47421875 0.0265625 0.021875
0 0.48515625 0.425 0.0359375 0.0234375
0 0.221875 0.465625 0.0359375 0.025
0 0.43671875 0.771875 0.03125 0.025
0 0.60234375 0.4171875 0.01875 0.0265625
0 0.57421875 0.58828125 0.021875 0.028125
0 0.80390625 0.30546875 0.0328125 0.0203125
0 0.50234375 0.725 0.028125 0.021875
0 0.68125 0.69921875 0.0203125 0.025
0 0.86953125 0.52421875 0.034375 0.0171875
0 0.75859375 0.346875 0.03125 0.021875
0 0.59296875 0.6375 0.0265625 0.025
0 0.66640625 0.47109375 0.021875 0.028125
0 0.59921875 0.68671875 0.0328125 0.0171875
0 0.66171875 0.57890625 0.0296875 0.0171875
0 0.50625 0.61328125 0.028125 0.021875
0 0.59921875 0.3328125 0.025 0.021875
0 0.50859375 0.80390625 0.03125 0.0171875
0 0.65859375 0.75625 0.0359375 0.01875
0 0.5734375 0.30078125 0.021875 0.025
0 0.60625 0.53359375 0.0359375 0.021875
0 0.4078125 0.7234375 0.03125 0.0203125
0 0.571875 0.7546875 0.0234375 0.0234375
0 0.69296875 0.234375 0.0234375 0.0234375
0 0.68515625 0.30234375 0.0359375 0.0171875
0 0.37109375 0.7765625 0.025 0.01875