0 0.36484375 0.52265625 0.03125 0.03125
0 0.57265625 0.46171875 0.0234375 0.0234375
0 0.29375 0.4921875 0.0265625 0.0296875
0 0.2453125 0.53515625 0.0265625 0.03125
0 0.19296875 0.471875 0.0234375 0.0234375
0 0.62734375 0.22421875 0.025 0.03125
0 0.42421875 0.2890625 0.0296875 0.0296875
0 0.4578125 0.63984375 0.0265625 0.034375
0 0.61171875 0.6203125 0.0265625 0.034375
0 0.303125 0.57890625 0.03125 0.03125
0 0.25390625 0.7421875 0.0296875 0.034375
0 0.4390625 0.5640625 0.0265625 0.0328125
0 0.5140625 0.6171875 0.028125 0.034375
0 0.37890625 0.4390625 0.025 0.0265625
0 0.28828125 0.35859375 0.028125 0.0265625
0 0.5265625 0.33515625 0.0296875 0.034375
0 0.596875 0.56796875 0.0234375 0.03125
0 0.6640625 0.43203125 0.028125 0.034375
0 0.221875 0.5984375 0.0296875 0.0328125
0 0.38515625 0.6671875 0.021875 0.0296875
0 0.4984375 0.446875 0.025 0.021875
0 0.60390625 0.39375 0.028125 0.0296875
0 0.38203125 0.5921875 0.0296875 0.0328125
0 0.809375 0.415625 0.0296875 0.0296875
0 0.47421875 0.49921875 0.025 0.034375
0 0.74296875 0.43515625 0.0234375 0.0234375
0 0.55703125 0.384375 0.03125 0.034375
0 0.7359375 0.278125 0.03125 0.028125
0 0.290625 0.66796875 0.0234375 0.028125
0 0.69296875 0.5671875 0.0234375 0.0296875
0 0.71953125 0.3625 0.0234375 0.03125
0 0.59140625 0.31484375 0.0296875 0.034375
0 0.35859375 0.31328125 0.0234375 0.03125
0 0.51640625 0.1671875 0.0265625 0.03125
0 0.75859375 0.3328125 0.0234375 0.0234375
0 0.56796875 0.24296875 0.0265625 0.0328125
0 0.60390625 0.7015625 0.021875 0.0296875
0 0.67109375 0.2921875 0.0234375 0.028125
0 0.3171875 0.7578125 0.0265625 0.025
0 0.46640625 0.71640625 0.0203125 0.028125
0 0.21875 0.675 0.0265625 0.0359375
0 0.525 0.51953125 0.025 0.03125
0 0.43125 0.34453125 0.025 0.0265625
0 0.69140625 0.234375 0.028125 0.0265625
0 0.67109375 0.35859375 0.028125 0.0265625
0 0.37890625 0.7453125 0.0265625 0.0265625
0 0.453125 0.3921875 0.028125 0.0265625
0 0.2515625 0.47578125 0.0296875 0.0375
0 0.20078125 0.41484375 0.03125 0.028125
0 0.484375 0.2875 0.0296875 0.0265625
0 0.42421875 0.4765625 0.025 0.034375
0 0.65546875 0.5078125 0.0265625 0.0375
0 0.1578125 0.5703125 0.0265625 0.0359375
0 0.30703125 0.4140625 0.0234375 0.03125
0 0.49765625 0.2359375 0.028125 0.0234375
0 0.371875 0.37265625 0.025 0.03125
0 0.3984375 0.24609375 0.025 0.034375
0 0.31484375 0.26953125 0.0265625 0.034375