0 0.24609375 0.35546875 0.025 0.025
0 0.340625 0.54609375 0.0296875 0.025
0 0.3046875 0.5734375 0.01875 0.025
0 0.26015625 0.4859375 0.0328125 0.0265625
0 0.49140625 0.5078125 0.034375 0.0203125
0 0.37578125 0.58984375 0.03125 0.01875
0 0.33359375 0.390625 0.03125 0.01875
0 0.31015625 0.28828125 0.021875 0.0265625
0 0.35703125 0.7203125 0.0203125 0.0234375
0 0.3078125 0.52421875 0.034375 0.021875
0 0.45234375 0.26640625 0.01875 0.0265625
0 0.63125 0.56171875 0.028125 0.0234375
0 0.515625 0.40703125 0.0296875 0.01875
0 0.5796875 0.32734375 0.0265625 0.025
0 0.471875 0.378125 0.0328125 0.025
0 0.4765625 0.315625 0.028125 0.0234375
0 0.50234375 0.7171875 0.0390625 0.0203125
0 0.528125 0.3625 0.0328125 0.01875
0 0.528125 0.65625 0.025 0.021875
0 0.56953125 0.609375 0.0296875 0.028125
0 0.428125 0.73828125 0.028125 0.028125
0 0.40703125 0.45703125 0.03125 0.0234375
0 0.440625 0.54453125 0.0203125 0.0234375
0 0.37890625 0.296875 0.0359375 0.0234375
0 0.34375 0.44375 0.0328125 0.0296875
0 0.39296875 0.615625 0.034375 0.0234375
0 0.64453125 0.37265625 0.0359375 0.0234375
0 0.63671875 0.50625 0.0234375 0.028125
0 0.49609375 0.465625 0.03125 0.0203125
0 0.34296875 0.4875 0.028125 0.028125
0 0.39765625 0.5046875 0.0296875 0.01875
0 0.45234375 0.41640625 0.0203125 0.025
0 0.39453125 0.67109375 0.0328125 0.01875
0 0.64296875 0.2953125 0.0359375 0.0203125
0 0.45859375 0.6296875 0.0359375 0.021875
0 0.58125 0.4078125 0.03125 0.0203125
0 0.5734375 0.46796875 0.0359375 0.0203125
0 0.2984375 0.6640625 0.0359375 0.0203125
0 0.56328125 0.51796875 0.03125 0.0203125
0 0.52265625 0.60390625 0.01875 0.025
0 0.46015625 0.6828125 0.0328125 0.01875
0 0.2 0.628125 0.0359375 0.0203125
0 0.290625 0.43828125 0.0328125 0.01875
0 0.53046875 0.24921875 0.034375 0.0203125
0 0.4 0.37421875 0.034375 0.021875
0 0.45703125 0.590625 0.0328125 0.01875