0 0.48046875 0.4671875 0.02109375 0.01796875
0 0.56015625 0.43984375 0.0265625 0.01796875
0 0.75390625 0.3046875 0.02578125 0.01875
0 0.23984375 0.51640625 0.0125 0.02265625
0 0.8390625 0.3328125 0.0171875 0.02265625
0 0.55625 0.5078125 0.02890625 0.015625
0 0.27109375 0.61171875 0.028125 0.01640625
0 0.675 0.37734375 0.02265625 0.021875
0 0.56640625 0.56875 0.0296875 0.00703125
0 0.746875 0.51796875 0.02890625 0.00859375
0 0.6296875 0.31484375 0.03359375 0.01171875
0 0.77578125 0.609375 0.01484375 0.02265625
0 0.6734375 0.5296875 0.03046875 0.01015625
0 0.16640625 0.27734375 0.01875 0.021875
0 0.478125 0.390625 0.02890625 0.01015625
0 0.60859375 0.39296875 0.0328125 0.0109375
0 0.48828125 0.5171875 0.02578125 0.01640625
0 0.36171875 0.52890625 0.03046875 0.01328125
0 0.85625 0.54375 0.02109375 0.01484375
0 0.53203125 0.38046875 0.02734375 0.0171875
0 0.53515625 0.33203125 0.025 0.01328125
0 0.425 0.46484375 0.01640625 0.01796875
0 0.61328125 0.6765625 0.02890625 0.009375
0 0.425 0.5828125 0.021875 0.01875
0 0.32734375 0.66328125 0.03203125 0.009375
0 0.48984375 0.59296875 0.02578125 0.01875
0 0.26015625 0.39453125 0.02265625 0.01484375
0 0.44609375 0.2171875 0.02734375 0.00859375
0 0.7625 0.38984375 0.01640625 0.02109375
0 0.175 0.55390625 0.02734375 0.00859375
0 0.2984375 0.55703125 0.0328125 0.0078125
0 0.459375 0.290625 0.02890625 0.0078125
0 0.36796875 0.46171875 0.03359375 0.01015625
0 0.403125 0.33828125 0.02265625 0.01484375
0 0.709375 0.4265625 0.028125 0.0140625
0 0.6640625 0.2734375 0.0234375 0.01328125
0 0.17734375 0.3453125 0.01875 0.02109375
0 0.61328125 0.4625 0.0265625 0.01015625
0 0.34765625 0.3796875 0.03125 0.0078125
0 0.675 0.6140625 0.03046875 0.009375
0 0.18515625 0.440625 0.02109375 0.01640625
0 0.2984375 0.44921875 0.0140625 0.025
0 0.32890625 0.2859375 0.01484375 0.0203125
0 0.4625 0.67421875 0.02578125 0.01328125
0 0.2765625 0.196875 0.0203125 0.0203125
0 0.54921875 0.2 0.0296875 0.009375