0 0.8640625 0.4796875 0.025 0.03125
0 0.81484375 0.41796875 0.0296875 0.0359375
0 0.70859375 0.24453125 0.028125 0.0265625
0 0.73828125 0.39140625 0.0265625 0.0234375
0 0.78828125 0.49609375 0.0265625 0.0234375
0 0.77890625 0.54921875 0.028125 0.0359375
0 0.81875 0.6015625 0.028125 0.028125
0 0.721875 0.4890625 0.0265625 0.0265625
0 0.7078125 0.4296875 0.025 0.0234375
0 0.68359375 0.340625 0.021875 0.0265625
0 0.60625 0.290625 0.0234375 0.0265625
0 0.6484375 0.3875 0.025 0.028125
0 0.6640625 0.46953125 0.0265625 0.0296875
0 0.7265625 0.578125 0.0265625 0.0296875
0 0.76875 0.6390625 0.0203125 0.0265625
0 0.71953125 0.66640625 0.0234375 0.028125
0 0.665625 0.59921875 0.0265625 0.0296875
0 0.6359375 0.52421875 0.025 0.021875
0 0.6140625 0.4359375 0.028125 0.028125
0 0.58828125 0.36484375 0.028125 0.0296875
0 0.5234375 0.31171875 0.025 0.0265625
0 0.49453125 0.2265625 0.025 0.0265625
0 0.53203125 0.3671875 0.021875 0.0203125
0 0.56953125 0.4421875 0.0265625 0.034375
0 0.565625 0.490625 0.028125 0.0328125
0 0.51796875 0.4078125 0.0265625 0.034375
0 0.453125 0.3421875 0.028125 0.0359375
0 0.5015625 0.44765625 0.028125 0.0328125
0 0.515625 0.49375 0.0265625 0.0296875
0 0.5484375 0.55703125 0.028125 0.028125
0 0.60625 0.61015625 0.0265625 0.03125
0 0.59609375 0.6578125 0.028125 0.0265625
0 0.50390625 0.5796875 0.025 0.021875
0 0.45078125 0.47109375 0.028125 0.0328125
0 0.40625 0.4140625 0.028125 0.028125
0 0.45390625 0.403125 0.025 0.025
0 0.3953125 0.32734375 0.0265625 0.025
0 0.43984375 0.54765625 0.028125 0.0328125
0 0.55390625 0.71953125 0.0265625 0.0234375
0 0.48515625 0.68359375 0.0265625 0.025
0 0.4109375 0.64765625 0.028125 0.034375
0 0.4140625 0.578125 0.0265625 0.0265625
0 0.36484375 0.571875 0.0265625 0.034375
0 0.3578125 0.51484375 0.028125 0.0328125
0 0.38125 0.46953125 0.0265625 0.034375
0 0.3375 0.40546875 0.0328125 0.0328125
0 0.309375 0.41015625 0.0265625 0.025
0 0.296875 0.32734375 0.03125 0.0328125
0 0.303125 0.50625 0.0265625 0.03125