0 0.49296875 0.4625 0.028125 0.028125
0 0.41484375 0.49375 0.0328125 0.03125
0 0.18046875 0.51953125 0.03125 0.03125
0 0.70703125 0.34140625 0.0234375 0.025
0 0.134375 0.59609375 0.0265625 0.028125
0 0.4625 0.54296875 0.03125 0.0296875
0 0.74609375 0.434375 0.03125 0.0296875
0 0.2875 0.521875 0.03125 0.03125
0 0.4953125 0.5953125 0.0265625 0.0234375
0 0.32578125 0.67578125 0.028125 0.025
0 0.28046875 0.4453125 0.034375 0.03125
0 0.36328125 0.76328125 0.0265625 0.0265625
0 0.38828125 0.6359375 0.0296875 0.028125
0 0.60546875 0.11328125 0.028125 0.028125
0 0.44453125 0.403125 0.028125 0.025
0 0.34765625 0.490625 0.03125 0.0296875
0 0.5203125 0.50546875 0.0296875 0.028125
0 0.6234375 0.43125 0.03125 0.0296875
0 0.26015625 0.76640625 0.0265625 0.0265625
0 0.39765625 0.43046875 0.0328125 0.03125
0 0.36328125 0.39609375 0.0265625 0.0265625
0 0.53359375 0.42421875 0.0234375 0.025
0 0.53046875 0.7078125 0.028125 0.025
0 0.6109375 0.51328125 0.028125 0.028125
0 0.7375 0.51015625 0.0296875 0.028125
0 0.56875 0.56328125 0.03125 0.03125
0 0.61171875 0.26328125 0.0265625 0.0265625
0 0.35546875 0.2515625 0.028125 0.025
0 0.2296875 0.5890625 0.0265625 0.0265625
0 0.78046875 0.32734375 0.028125 0.025
0 0.68984375 0.4109375 0.0296875 0.028125
0 0.39296875 0.315625 0.0265625 0.025
0 0.57421875 0.384375 0.0328125 0.0296875
0 0.4671875 0.3140625 0.0265625 0.0265625
0 0.29375 0.58203125 0.0296875 0.0296875
0 0.22734375 0.43671875 0.0265625 0.025
0 0.6421875 0.171875 0.028125 0.028125
0 0.38984375 0.54609375 0.0265625 0.025
0 0.5359375 0.309375 0.028125 0.0265625
0 0.44296875 0.70078125 0.0296875 0.028125
0 0.6984375 0.2484375 0.0265625 0.0265625
0 0.61875 0.3296875 0.0265625 0.028125
0 0.4890625 0.2265625 0.025 0.025
0 0.64296875 0.60703125 0.0265625 0.0265625
0 0.46953125 0.125 0.028125 0.028125
0 0.26640625 0.30625 0.028125 0.0265625