1 0.45703125 0.70859375 0.028125 0.034375
1 0.515625 0.746875 0.0234375 0.021875
1 0.4453125 0.775 0.0265625 0.0296875
1 0.39140625 0.72421875 0.028125 0.0265625
1 0.37734375 0.765625 0.025 0.03125
1 0.2921875 0.7890625 0.028125 0.0265625
1 0.2890625 0.73125 0.025 0.025
1 0.240625 0.69765625 0.025 0.021875
1 0.25078125 0.62734375 0.0296875 0.0296875
1 0.25234375 0.53828125 0.028125 0.0328125
1 0.271875 0.48203125 0.028125 0.03125
1 0.32421875 0.44765625 0.0234375 0.0328125
1 0.30234375 0.40546875 0.0203125 0.03125
1 0.37578125 0.34140625 0.025 0.0296875
1 0.41875 0.2921875 0.025 0.03125
1 0.47109375 0.22890625 0.0296875 0.03125
1 0.5328125 0.29765625 0.025 0.021875
1 0.4875 0.36796875 0.025 0.021875
1 0.45859375 0.43671875 0.0265625 0.028125
1 0.4 0.53359375 0.0265625 0.034375
1 0.45390625 0.61171875 0.025 0.0359375
1 0.49296875 0.603125 0.0296875 0.0234375
1 0.54609375 0.6265625 0.0203125 0.0296875
1 0.578125 0.54609375 0.025 0.0265625
1 0.6421875 0.56953125 0.028125 0.028125
1 0.6421875 0.50234375 0.021875 0.0359375
1 0.6875 0.453125 0.0234375 0.0359375
1 0.665625 0.4046875 0.0265625 0.025
1 0.59375 0.39921875 0.025 0.0203125
1 0.55234375 0.39921875 0.0234375 0.0234375
1 0.6328125 0.3375 0.0203125 0.0328125
1 0.61953125 0.225 0.0265625 0.0328125
1 0.53125 0.90546875 0.0296875 0.0265625
1 0.64609375 0.7484375 0.025 0.0265625
1 0.6109375 0.671875 0.021875 0.0359375
1 0.57578125 0.7203125 0.0234375 0.0328125
1 0.6703125 0.63828125 0.025 0.021875
1 0.36796875 0.628125 0.0234375 0.0296875
1 0.3265625 0.625 0.0234375 0.0296875
1 0.3265625 0.56015625 0.025 0.0203125
1 0.390625 0.40625 0.021875 0.0328125
1 0.48515625 0.53125 0.0203125 0.025
1 0.50703125 0.48203125 0.0203125 0.0296875
1 0.52734375 0.52734375 0.021875 0.028125
1 0.70390625 0.6265625 0.028125 0.0265625
1 0.73671875 0.52421875 0.0234375 0.0296875
1 0.75234375 0.409375 0.021875 0.0359375
1 0.3296875 0.19921875 0.021875 0.0359375
1 0.24140625 0.34296875 0.025 0.0359375
1 0.20625 0.42421875 0.028125 0.0265625