1 0.31640625 0.6078125 0.034375 0.0265625
1 0.32734375 0.6765625 0.0203125 0.0234375
1 0.259375 0.64296875 0.0296875 0.0265625
1 0.26015625 0.56953125 0.025 0.0265625
1 0.2203125 0.5859375 0.03125 0.0234375
1 0.146875 0.5390625 0.025 0.0265625
1 0.18671875 0.49765625 0.0234375 0.0234375
1 0.17890625 0.4390625 0.0203125 0.025
1 0.23828125 0.4 0.0296875 0.028125
1 0.30546875 0.34140625 0.0328125 0.0265625
1 0.3609375 0.31796875 0.03125 0.0265625
1 0.421875 0.334375 0.0328125 0.021875
1 0.43828125 0.28984375 0.03125 0.01875
1 0.53515625 0.3015625 0.0296875 0.025
1 0.6 0.3 0.03125 0.0234375
1 0.68203125 0.296875 0.03125 0.028125
1 0.67265625 0.38828125 0.0203125 0.025
1 0.58984375 0.40234375 0.0203125 0.025
1 0.51953125 0.4265625 0.0265625 0.0265625
1 0.4078125 0.4484375 0.034375 0.025
1 0.3859375 0.540625 0.0359375 0.0234375
1 0.41875 0.56328125 0.0234375 0.028125
1 0.43671875 0.61953125 0.0296875 0.01875
1 0.51796875 0.5890625 0.0265625 0.0234375
1 0.54296875 0.65234375 0.028125 0.028125
1 0.59296875 0.6078125 0.0359375 0.0203125
1 0.66015625 0.60859375 0.0359375 0.021875
1 0.68125 0.559375 0.0234375 0.0265625
1 0.6375 0.50234375 0.01875 0.025
1 0.61015625 0.47109375 0.021875 0.0234375
1 0.709375 0.48984375 0.0328125 0.01875
1 0.784375 0.4046875 0.0328125 0.025
1 0.21953125 0.79453125 0.0265625 0.0296875
1 0.4125 0.77421875 0.0265625 0.0234375
1 0.446875 0.69765625 0.0359375 0.0203125
1 0.38671875 0.70390625 0.0328125 0.021875
1 0.5109375 0.71953125 0.0203125 0.025
1 0.31640625 0.4875 0.028125 0.0234375
1 0.29140625 0.4546875 0.0296875 0.021875
1 0.33984375 0.41171875 0.01875 0.025
1 0.496875 0.35546875 0.0328125 0.0203125
1 0.4671875 0.509375 0.025 0.01875
1 0.51796875 0.49296875 0.0296875 0.01875
1 0.49765625 0.5390625 0.028125 0.0203125
1 0.5421875 0.7359375 0.025 0.0265625
1 0.640625 0.6921875 0.0296875 0.021875
1 0.7359375 0.6265625 0.0359375 0.0203125
1 0.609375 0.17265625 0.0359375 0.0203125
1 0.44375 0.203125 0.0359375 0.0234375
1 0.359375 0.23125 0.025 0.0265625