1 0.29140625 0.5421875 0.0296875 0.0171875
1 0.27890625 0.6109375 0.01484375 0.01875
1 0.22578125 0.55703125 0.025 0.01796875
1 0.25078125 0.4875 0.01796875 0.021875
1 0.2078125 0.490625 0.02734375 0.015625
1 0.153125 0.421875 0.01875 0.02109375
1 0.2046875 0.39609375 0.01796875 0.01875
1 0.21640625 0.33828125 0.0140625 0.02265625
1 0.28515625 0.3203125 0.0234375 0.021875
1 0.36796875 0.28671875 0.028125 0.01796875
1 0.42734375 0.2828125 0.0265625 0.01875
1 0.4796875 0.31796875 0.0296875 0.0125
1 0.51015625 0.28125 0.0296875 0.009375
1 0.59765625 0.3234375 0.02578125 0.0171875
1 0.659375 0.34375 0.02734375 0.01484375
1 0.73828125 0.3671875 0.025 0.02109375
1 0.69921875 0.45078125 0.0140625 0.02109375
1 0.61640625 0.43671875 0.0140625 0.021875
1 0.5421875 0.43671875 0.021875 0.0203125
1 0.4296875 0.42109375 0.03046875 0.01484375
1 0.37890625 0.5015625 0.03359375 0.01171875
1 0.40234375 0.53359375 0.01484375 0.025
1 0.4015625 0.5921875 0.02890625 0.00859375
1 0.48828125 0.58984375 0.021875 0.0171875
1 0.49140625 0.6578125 0.02265625 0.02265625
1 0.553125 0.63203125 0.034375 0.00859375
1 0.61640625 0.6546875 0.034375 0.0109375
1 0.65234375 0.61484375 0.0171875 0.021875
1 0.6296875 0.546875 0.0125 0.021875
1 0.61328125 0.50859375 0.0171875 0.01953125
1 0.7015625 0.55859375 0.03203125 0.01015625
1 0.8 0.50234375 0.0296875 0.015625
1 0.1390625 0.6875 0.01875 0.025
1 0.328125 0.73125 0.02265625 0.0171875
1 0.38515625 0.66953125 0.03515625 0.01015625
1 0.3265625 0.65625 0.0296875 0.01328125
1 0.4390625 0.7109375 0.0140625 0.021875
1 0.33046875 0.428125 0.025 0.015625
1 0.3171875 0.3890625 0.0265625 0.0140625
1 0.37734375 0.3640625 0.01328125 0.02109375
1 0.54375 0.3625 0.03203125 0.0109375
1 0.465625 0.4984375 0.021875 0.01171875
1 0.51953125 0.49921875 0.028125 0.0109375
1 0.48515625 0.5359375 0.025 0.0125
1 0.46328125 0.73671875 0.01796875 0.02265625
1 0.5703125 0.72734375 0.0265625 0.0140625
1 0.68203125 0.696875 0.034375 0.01015625
1 0.71015625 0.22578125 0.03515625 0.009375
1 0.54375 0.20078125 0.034375 0.0125
1 0.4546875 0.2 0.01796875 0.021875