1 0.17265625 0.3453125 0.02578125 0.015625
1 0.16484375 0.434375 0.03125 0.01015625
1 0.1828125 0.52890625 0.0140625 0.021875
1 0.17734375 0.625 0.01953125 0.0171875
1 0.3578125 0.33046875 0.03203125 0.01015625
1 0.328125 0.428125 0.02265625 0.01484375
1 0.334375 0.528125 0.02265625 0.015625
1 0.3125 0.62109375 0.0109375 0.02265625
1 0.45625 0.41640625 0.01484375 0.01328125
1 0.45234375 0.503125 0.01953125 0.01328125
1 0.4484375 0.609375 0.0203125 0.00703125
0 0.58671875 0.31875 0.01640625 0.02109375
0 0.5984375 0.440625 0.01875 0.01953125
0 0.58359375 0.5515625 0.028125 0.01484375
1 0.45859375 0.32890625 0.02265625 0.0109375
0 0.553125 0.65234375 0.03046875 0.01015625
1 0.73125 0.6421875 0.01796875 0.0234375
1 0.7484375 0.51640625 0.03125 0.01953125
1 0.75078125 0.42109375 0.0296875 0.01875
1 0.73828125 0.321875 0.02734375 0.02109375