1 0.8578125 0.4453125 0.0296875 0.0265625
1 0.81484375 0.3671875 0.03125 0.025
1 0.746875 0.2984375 0.0234375 0.0265625
1 0.69765625 0.215625 0.025 0.025
1 0.7125 0.5609375 0.03125 0.025
1 0.6828125 0.46328125 0.0265625 0.025
1 0.621875 0.384375 0.0265625 0.025
1 0.5875 0.29453125 0.021875 0.025
1 0.5828125 0.54453125 0.0203125 0.01875
1 0.5375 0.47109375 0.021875 0.0203125
1 0.48125 0.38046875 0.0203125 0.0171875
0 0.5296875 0.6984375 0.025 0.0265625
0 0.4515625 0.60390625 0.0265625 0.0265625
0 0.4015625 0.50390625 0.0328125 0.028125
1 0.6296875 0.61875 0.025 0.021875
0 0.37109375 0.403125 0.03125 0.025
1 0.22890625 0.51171875 0.028125 0.0296875
1 0.28515625 0.625 0.0359375 0.0328125
1 0.3359375 0.70546875 0.034375 0.0328125
1 0.40234375 0.78125 0.0359375 0.034375