1 0.36875 0.8375 0.0171875 0.0265625
1 0.4578125 0.8390625 0.0109375 0.03125
1 0.55078125 0.8140625 0.0234375 0.015625
1 0.646875 0.81328125 0.01875 0.0203125
1 0.340625 0.65390625 0.0109375 0.03125
1 0.440625 0.6765625 0.0171875 0.0234375
1 0.53984375 0.66328125 0.0171875 0.0234375
1 0.63359375 0.67890625 0.021875 0.0125
1 0.41953125 0.54921875 0.0140625 0.0171875
1 0.50625 0.54765625 0.0140625 0.0203125
1 0.6125 0.54375 0.0078125 0.0203125
0 0.31328125 0.42578125 0.0234375 0.0171875
0 0.43359375 0.40625 0.0203125 0.0203125
0 0.5453125 0.41328125 0.0171875 0.0296875
1 0.33203125 0.553125 0.0125 0.021875
0 0.6484375 0.43671875 0.0109375 0.03125
1 0.62578125 0.259375 0.025 0.0203125
1 0.49921875 0.25078125 0.0203125 0.0328125
1 0.40390625 0.25546875 0.0203125 0.03125
1 0.30546875 0.275 0.0234375 0.0296875