1 0.2234375 0.23515625 0.0109375 0.0234375
1 0.31953125 0.2125 0.0125 0.0171875
1 0.44765625 0.18671875 0.015625 0.015625
1 0.5453125 0.17890625 0.0125 0.0203125
1 0.28125 0.375 0.0234375 0.0171875
1 0.36875 0.33984375 0.0203125 0.028125
1 0.46875 0.31015625 0.01875 0.021875
1 0.578125 0.29375 0.01875 0.025
1 0.3203125 0.51953125 0.0234375 0.03125
1 0.415625 0.509375 0.015625 0.03125
1 0.5 0.475 0.0171875 0.015625
1 0.6390625 0.45234375 0.0234375 0.028125
1 0.37109375 0.7390625 0.01875 0.0359375
1 0.496875 0.70625 0.0265625 0.015625
1 0.58515625 0.6609375 0.0171875 0.028125
1 0.68671875 0.65703125 0.021875 0.0203125
0 0.425 0.88359375 0.0203125 0.015625
0 0.52578125 0.86875 0.0171875 0.021875
0 0.6296875 0.8390625 0.01875 0.028125
0 0.7515625 0.82109375 0.0125 0.0296875