1 0.1875 0.27890625 0.02109375 0.00703125
1 0.18359375 0.37734375 0.015625 0.01015625
1 0.1828125 0.50859375 0.01328125 0.0140625
1 0.19375 0.60546875 0.01953125 0.00859375
1 0.3359375 0.309375 0.01328125 0.02265625
1 0.31796875 0.4015625 0.02578125 0.01640625
1 0.3078125 0.50546875 0.01953125 0.01640625
1 0.3125 0.61640625 0.02265625 0.015625
1 0.48515625 0.31953125 0.02734375 0.01796875
1 0.49296875 0.415625 0.0296875 0.01015625
1 0.47578125 0.5046875 0.01328125 0.01640625
1 0.4796875 0.6453125 0.025 0.01796875
1 0.71015625 0.328125 0.03359375 0.0125
1 0.7015625 0.4578125 0.0109375 0.025
1 0.67421875 0.553125 0.0265625 0.01171875
1 0.68984375 0.653125 0.0171875 0.01796875
0 0.8625 0.353125 0.01328125 0.01875
0 0.8671875 0.4546875 0.0203125 0.0140625
0 0.8578125 0.5625 0.0265625 0.0140625
0 0.86328125 0.6859375 0.028125 0.0078125