1 0.88125 0.53515625 0.021875 0.015625
1 0.83515625 0.44765625 0.01875 0.015625
1 0.7703125 0.33359375 0.0171875 0.01875
1 0.7125 0.25546875 0.0203125 0.0171875
1 0.7375 0.5828125 0.021875 0.025
1 0.70703125 0.49453125 0.0296875 0.0265625
1 0.6640625 0.39921875 0.0234375 0.0234375
1 0.60390625 0.30546875 0.0265625 0.025
1 0.603125 0.64921875 0.034375 0.0296875
1 0.5484375 0.56953125 0.0296875 0.0234375
1 0.51875 0.48359375 0.01875 0.0203125
1 0.4453125 0.3640625 0.03125 0.028125
1 0.40390625 0.75390625 0.0359375 0.028125
1 0.346875 0.6375 0.021875 0.0265625
1 0.32265625 0.54140625 0.0296875 0.0234375
1 0.259375 0.4625 0.025 0.025
0 0.259375 0.80859375 0.0203125 0.021875
0 0.2046875 0.72265625 0.025 0.021875
0 0.15859375 0.625 0.0296875 0.025
0 0.0921875 0.5203125 0.028125 0.0203125