1 0.6171875 0.12734375 0.0171875 0.028125
1 0.50078125 0.15 0.0234375 0.0125
1 0.3828125 0.16640625 0.021875 0.028125
1 0.6421875 0.28515625 0.0234375 0.0296875
1 0.5375 0.31328125 0.025 0.015625
1 0.4109375 0.328125 0.015625 0.0359375
1 0.653125 0.4421875 0.0109375 0.0203125
1 0.553125 0.43984375 0.0171875 0.0203125
1 0.44296875 0.47109375 0.0125 0.0203125
0 0.6875 0.58828125 0.021875 0.025
0 0.5859375 0.60390625 0.0109375 0.0296875
0 0.46640625 0.62265625 0.01875 0.0328125
1 0.70859375 0.7765625 0.0140625 0.0328125
1 0.59765625 0.77421875 0.021875 0.03125
1 0.4828125 0.790625 0.0140625 0.0375