1 0.5375 0.1109375 0.021875 0.0296875
1 0.428125 0.1578125 0.0234375 0.0171875
1 0.315625 0.19765625 0.025 0.0296875
1 0.59453125 0.26015625 0.0265625 0.03125
1 0.49765625 0.309375 0.0265625 0.0203125
1 0.37734375 0.35078125 0.021875 0.0359375
1 0.6375 0.41171875 0.0140625 0.0203125
1 0.5390625 0.43046875 0.0203125 0.021875
1 0.43828125 0.48359375 0.015625 0.0203125
0 0.70234375 0.54765625 0.025 0.0265625
0 0.60546875 0.58359375 0.0171875 0.0296875
0 0.4921875 0.62734375 0.025 0.034375
1 0.7609375 0.72734375 0.0203125 0.0328125
1 0.65234375 0.74765625 0.0265625 0.0328125
1 0.54375 0.78828125 0.0203125 0.0359375