1 0.153125 0.31953125 0.0265625 0.0125
1 0.15546875 0.43828125 0.01015625 0.02109375
1 0.15078125 0.5578125 0.025 0.0171875
1 0.31328125 0.32265625 0.0265625 0.01796875
1 0.32265625 0.43046875 0.01171875 0.0234375
1 0.315625 0.5578125 0.03515625 0.00859375
1 0.46953125 0.3390625 0.01875 0.0078125
1 0.45 0.4375 0.01796875 0.0140625
1 0.46171875 0.55078125 0.01796875 0.00859375
0 0.61953125 0.33046875 0.021875 0.01875
0 0.6171875 0.43359375 0.0296875 0.00703125
0 0.61484375 0.5546875 0.03046875 0.0140625
1 0.80859375 0.34296875 0.03203125 0.01015625
1 0.78671875 0.4515625 0.028125 0.0171875
1 0.78359375 0.5671875 0.0359375 0.0078125