1 0.5421875 0.4625 0.0203125 0.01171875
1 0.46171875 0.74765625 0.01171875 0.02109375
1 0.421875 0.67109375 0.0328125 0.0109375
1 0.540625 0.67421875 0.01328125 0.02421875
1 0.5515625 0.56484375 0.0125 0.015625
1 0.671875 0.52109375 0.015625 0.0140625
1 0.565625 0.35859375 0.0140625 0.0234375
1 0.46953125 0.2984375 0.03203125 0.009375
1 0.37890625 0.37421875 0.02578125 0.01640625
0 0.2734375 0.7171875 0.01015625 0.01953125
0 0.18203125 0.69453125 0.0109375 0.0234375
0 0.19921875 0.62265625 0.01328125 0.01953125
1 0.36953125 0.48125 0.01484375 0.02265625
1 0.22890625 0.45 0.02734375 0.01640625
1 0.27265625 0.5578125 0.02109375 0.01796875