1 0.53984375 0.540625 0.021875 0.0140625
1 0.47890625 0.25 0.0140625 0.0234375
1 0.434375 0.32421875 0.0328125 0.0125
1 0.55234375 0.32890625 0.0140625 0.0265625
1 0.55625 0.4390625 0.0140625 0.0171875
1 0.67265625 0.490625 0.0171875 0.015625
1 0.55546875 0.6453125 0.015625 0.025
1 0.45546875 0.69921875 0.03125 0.0109375
1 0.3703125 0.6171875 0.0265625 0.0171875
0 0.2890625 0.2671875 0.0109375 0.01875
0 0.19609375 0.28359375 0.0125 0.0234375
0 0.20859375 0.35703125 0.015625 0.0203125
1 0.36875 0.509375 0.0171875 0.0234375
1 0.22578125 0.53125 0.0296875 0.0171875
1 0.27734375 0.4265625 0.0234375 0.0203125