1 0.46796875 0.45390625 0.015625 0.021875
1 0.74140625 0.56796875 0.0234375 0.015625
1 0.66015625 0.5984375 0.015625 0.034375
1 0.678125 0.48125 0.0265625 0.015625
1 0.5703125 0.45703125 0.0171875 0.0140625
1 0.5421875 0.33203125 0.015625 0.0171875
1 0.36796875 0.41796875 0.025 0.0171875
1 0.29609375 0.50546875 0.0125 0.0328125
1 0.36015625 0.6046875 0.01875 0.0265625
0 0.68828125 0.7515625 0.0203125 0.0109375
0 0.6546875 0.8390625 0.025 0.0140625
0 0.58515625 0.81328125 0.0203125 0.0140625
1 0.465625 0.62734375 0.0234375 0.01875
1 0.4171875 0.76328125 0.01875 0.0296875
1 0.5296875 0.7328125 0.021875 0.0234375