1 0.615625 0.38046875 0.01640625 0.0203125
1 0.52734375 0.49765625 0.01796875 0.02109375
0 0.4421875 0.25625 0.02421875 0.02109375
0 0.2578125 0.31171875 0.02578125 0.0140625
0 0.3890625 0.39375 0.01484375 0.01796875
1 0.23515625 0.4375 0.02421875 0.0109375
1 0.1296875 0.50078125 0.01171875 0.01796875
1 0.26640625 0.56640625 0.01328125 0.01484375
1 0.34453125 0.64453125 0.0171875 0.01953125
1 0.2828125 0.734375 0.0328125 0.0140625
1 0.4375 0.7640625 0.03203125 0.01015625
1 0.67265625 0.6890625 0.01484375 0.01875
1 0.63515625 0.61875 0.03203125 0.015625
1 0.753125 0.5859375 0.01171875 0.0234375
1 0.7375 0.45546875 0.0265625 0.01640625