1 0.5 0.33359375 0.025 0.025
1 0.48203125 0.4796875 0.028125 0.028125
0 0.7109375 0.36484375 0.0328125 0.0328125
0 0.8046875 0.5328125 0.028125 0.028125
0 0.65390625 0.50078125 0.025 0.025
1 0.73359375 0.6390625 0.025 0.025
1 0.765625 0.7578125 0.021875 0.021875
1 0.621875 0.71015625 0.0203125 0.0203125
1 0.51171875 0.71171875 0.025 0.025
1 0.49375 0.81953125 0.0328125 0.0328125
1 0.36171875 0.73359375 0.0296875 0.028125
1 0.24453125 0.51640625 0.025 0.025
1 0.3203125 0.49140625 0.0328125 0.0328125
1 0.25859375 0.3859375 0.025 0.025
1 0.36015625 0.303125 0.0296875 0.0296875