1 0.43515625 0.653125 0.021875 0.025
1 0.475 0.51171875 0.025 0.0265625
0 0.64140625 0.70703125 0.03125 0.0296875
0 0.79375 0.5890625 0.028125 0.021875
0 0.64140625 0.559375 0.021875 0.0234375
1 0.76953125 0.46328125 0.0265625 0.01875
1 0.8453125 0.36640625 0.01875 0.021875
1 0.69453125 0.35390625 0.0171875 0.01875
1 0.59296875 0.309375 0.0234375 0.0234375
1 0.61875 0.203125 0.0359375 0.025
1 0.4640625 0.23125 0.0328125 0.0203125
1 0.27109375 0.38515625 0.021875 0.0234375
1 0.33125 0.4375 0.034375 0.0265625
1 0.2328125 0.51015625 0.0203125 0.0265625
1 0.29453125 0.6265625 0.0296875 0.0234375