1 0.29140625 0.5203125 0.0328125 0.01875
1 0.21953125 0.4109375 0.0296875 0.01875
1 0.3640625 0.40859375 0.025 0.0234375
1 0.421875 0.72265625 0.0296875 0.0140625
1 0.56796875 0.640625 0.0171875 0.0234375
1 0.4328125 0.59375 0.034375 0.0203125
1 0.784375 0.5625 0.028125 0.0234375
1 0.640625 0.4875 0.0328125 0.0203125
0 0.38515625 0.2953125 0.028125 0.01875
0 0.5171875 0.196875 0.021875 0.021875
0 0.58828125 0.2515625 0.0234375 0.025
1 0.72109375 0.246875 0.0265625 0.0140625
1 0.675 0.3671875 0.0203125 0.015625
1 0.8171875 0.29453125 0.0203125 0.0140625
1 0.79453125 0.409375 0.0265625 0.021875