1 0.64140625 0.3453125 0.028125 0.0328125
1 0.76796875 0.37890625 0.0265625 0.0296875
1 0.66171875 0.47734375 0.028125 0.028125
1 0.40859375 0.2828125 0.021875 0.028125
1 0.35546875 0.440625 0.025 0.0234375
1 0.48671875 0.38515625 0.0296875 0.034375
1 0.246875 0.64375 0.0296875 0.03125
1 0.40390625 0.603125 0.028125 0.0328125
0 0.721875 0.575 0.025 0.0296875
0 0.68984375 0.73671875 0.0265625 0.0265625
0 0.6 0.74375 0.028125 0.028125
1 0.5046875 0.8359375 0.021875 0.0265625
1 0.45859375 0.715625 0.0203125 0.021875
1 0.4015625 0.86484375 0.01875 0.0203125
1 0.3421875 0.7640625 0.028125 0.0296875