1 0.7078125 0.52734375 0.03125 0.01171875
1 0.753125 0.65 0.02734375 0.01328125
1 0.61171875 0.61953125 0.021875 0.01953125
1 0.62578125 0.30078125 0.02890625 0.0078125
1 0.465625 0.34765625 0.01171875 0.02265625
1 0.58671875 0.4234375 0.03125 0.0140625
1 0.23671875 0.375 0.025 0.01953125
1 0.36015625 0.48046875 0.0296875 0.0140625
0 0.565625 0.725 0.0265625 0.01328125
0 0.41484375 0.79140625 0.01953125 0.01875
0 0.3578125 0.721875 0.01796875 0.021875
1 0.22734375 0.696875 0.025 0.009375
1 0.3 0.58984375 0.01796875 0.0125
1 0.14453125 0.62890625 0.01875 0.00859375
1 0.19296875 0.521875 0.0234375 0.0171875