1 0.55078125 0.2609375 0.0265625 0.01875
1 0.56171875 0.35234375 0.0234375 0.0234375
1 0.6703125 0.2875 0.03125 0.025
1 0.66953125 0.42890625 0.0265625 0.0234375
1 0.7265625 0.53828125 0.03125 0.0171875
1 0.78984375 0.428125 0.0265625 0.0296875
0 0.74921875 0.6953125 0.028125 0.021875
0 0.7 0.77578125 0.025 0.0203125
0 0.60234375 0.74453125 0.0296875 0.021875
1 0.33984375 0.39609375 0.0171875 0.01875
1 0.2578125 0.4734375 0.015625 0.01875
1 0.375 0.51171875 0.0265625 0.0234375
1 0.41640625 0.61875 0.0296875 0.0203125
1 0.321875 0.71796875 0.025 0.025
1 0.465625 0.71953125 0.028125 0.0265625