1 0.36328125 0.29765625 0.02421875 0.0109375
1 0.3875 0.3859375 0.01953125 0.0171875
1 0.2625 0.36640625 0.02890625 0.01640625
1 0.31640625 0.49765625 0.021875 0.01484375
1 0.30390625 0.6203125 0.03125 0.00703125
1 0.2046875 0.5421875 0.01953125 0.02421875
0 0.3421875 0.77421875 0.02421875 0.0140625
0 0.41796875 0.83046875 0.02265625 0.01328125
0 0.496875 0.76484375 0.0265625 0.01171875
1 0.609375 0.34375 0.0125 0.01484375
1 0.71484375 0.384375 0.0109375 0.015625
1 0.6203125 0.4640625 0.021875 0.01484375
1 0.621875 0.57890625 0.02734375 0.0109375
1 0.746875 0.63515625 0.01875 0.01953125
1 0.6140625 0.690625 0.0234375 0.01875