1 0.31875 0.66328125 0.0265625 0.0171875
1 0.36328125 0.58359375 0.021875 0.021875
1 0.2375 0.571875 0.03125 0.021875
1 0.32109375 0.4578125 0.025 0.0203125
1 0.3390625 0.3359375 0.03125 0.0140625
1 0.2234375 0.3875 0.025 0.028125
0 0.41328125 0.19609375 0.028125 0.0203125
0 0.5 0.159375 0.025 0.0171875
0 0.5609375 0.2421875 0.028125 0.01875
1 0.56796875 0.678125 0.015625 0.01875
1 0.68046875 0.6640625 0.0140625 0.0171875
1 0.6078125 0.5640625 0.025 0.0203125
1 0.6375 0.453125 0.0296875 0.0171875
1 0.771875 0.42890625 0.0234375 0.0234375
1 0.65703125 0.34296875 0.0265625 0.0234375