1 0.67421875 0.56171875 0.0265625 0.0265625
1 0.62578125 0.40234375 0.03125 0.03125
1 0.73359375 0.415625 0.028125 0.028125
0 0.62578125 0.23203125 0.03125 0.03125
0 0.48984375 0.16953125 0.0328125 0.034375
0 0.525 0.0578125 0.0296875 0.03125
1 0.346875 0.18359375 0.028125 0.0296875
1 0.378125 0.32109375 0.03125 0.0328125
1 0.25078125 0.3046875 0.0296875 0.03125
1 0.27265625 0.4171875 0.0375 0.0375
1 0.36953125 0.521875 0.025 0.0234375
1 0.2578125 0.525 0.028125 0.0265625
1 0.51171875 0.67578125 0.0234375 0.025
1 0.5 0.56875 0.0203125 0.021875
1 0.59609375 0.615625 0.021875 0.021875