1 0.6734375 0.56484375 0.01875 0.0234375
1 0.53359375 0.65546875 0.0265625 0.021875
1 0.625 0.71484375 0.01875 0.025
0 0.42421875 0.7859375 0.025 0.025
0 0.2796875 0.746875 0.0390625 0.015625
0 0.23515625 0.8546875 0.0328125 0.015625
1 0.17890625 0.64375 0.0328125 0.0125
1 0.29140625 0.55859375 0.03125 0.01875
1 0.18359375 0.4890625 0.0359375 0.0140625
1 0.27265625 0.41796875 0.034375 0.025
1 0.41484375 0.39921875 0.0171875 0.0203125
1 0.33046875 0.325 0.0171875 0.0265625
1 0.621875 0.3734375 0.0234375 0.015625
1 0.54375 0.44765625 0.0203125 0.0125
1 0.64765625 0.4734375 0.01875 0.015625