1 0.6640625 0.58515625 0.01640625 0.021875
1 0.5140625 0.65859375 0.02578125 0.01953125
1 0.59765625 0.728125 0.015625 0.0234375
0 0.38984375 0.77421875 0.02109375 0.02109375
0 0.2515625 0.71796875 0.03671875 0.0109375
0 0.19375 0.81953125 0.03125 0.0125
1 0.1640625 0.60390625 0.03046875 0.009375
1 0.2859375 0.5328125 0.0296875 0.01640625
1 0.1875 0.45078125 0.03515625 0.009375
1 0.284375 0.390625 0.03203125 0.02109375
1 0.42734375 0.38984375 0.01484375 0.01796875
1 0.353125 0.30546875 0.0140625 0.02578125
1 0.63671875 0.3890625 0.02265625 0.01171875
1 0.55 0.453125 0.01796875 0.0109375
1 0.65 0.49140625 0.0171875 0.0140625