1 0.62578125 0.33046875 0.03515625 0.009375
1 0.66875 0.40625 0.03203125 0.0125
1 0.57890625 0.39765625 0.0140625 0.0234375
1 0.5171875 0.334375 0.0125 0.02421875
1 0.471875 0.3296875 0.015625 0.0234375
1 0.41875 0.36015625 0.0171875 0.02421875
1 0.48203125 0.4015625 0.0359375 0.01328125
1 0.403125 0.4265625 0.01875 0.0234375
1 0.46484375 0.459375 0.03125 0.00859375
0 0.55859375 0.46171875 0.02734375 0.01640625
0 0.6609375 0.48203125 0.02578125 0.0171875
0 0.63359375 0.54765625 0.02734375 0.015625
1 0.50859375 0.57109375 0.0125 0.01171875
1 0.4984375 0.52109375 0.0203125 0.0140625
1 0.42421875 0.521875 0.0140625 0.01796875