1 0.46875 0.29140625 0.034375 0.025
1 0.3953125 0.33828125 0.0328125 0.025
1 0.478125 0.37265625 0.0234375 0.0265625
1 0.5625 0.3453125 0.0234375 0.028125
1 0.6046875 0.3625 0.025 0.028125
1 0.6375 0.41484375 0.0265625 0.0296875
1 0.56171875 0.421875 0.0375 0.028125
1 0.6203125 0.48046875 0.028125 0.0296875
1 0.55 0.48046875 0.03125 0.0234375
0 0.46640625 0.4390625 0.0328125 0.0265625
0 0.36640625 0.40859375 0.0296875 0.0265625
0 0.359375 0.4796875 0.0328125 0.0265625
1 0.459375 0.55859375 0.0171875 0.0171875
1 0.49140625 0.51953125 0.025 0.021875
1 0.55703125 0.5546875 0.021875 0.0234375