1 0.35234375 0.34921875 0.0140625 0.0359375
1 0.43359375 0.31875 0.0171875 0.0328125
1 0.4109375 0.40625 0.025 0.0171875
1 0.3390625 0.45703125 0.0265625 0.015625
1 0.32734375 0.50078125 0.025 0.01875
1 0.34921875 0.55859375 0.028125 0.0203125
1 0.4 0.50234375 0.0171875 0.0375
1 0.4125 0.584375 0.0265625 0.021875
1 0.4546875 0.528125 0.0140625 0.0328125
0 0.47109375 0.4359375 0.0203125 0.0296875
0 0.5078125 0.33828125 0.0203125 0.028125
0 0.56796875 0.37578125 0.0203125 0.0296875
1 0.571875 0.50234375 0.0140625 0.0140625
1 0.5203125 0.5046875 0.0171875 0.021875
1 0.509375 0.578125 0.0203125 0.0171875