1 0.478125 0.4484375 0.0265625 0.028125
1 0.44296875 0.34453125 0.028125 0.0296875
1 0.3453125 0.36484375 0.028125 0.0265625
1 0.309375 0.46953125 0.028125 0.0265625
1 0.23515625 0.5078125 0.028125 0.03125
1 0.21640625 0.40859375 0.03125 0.034375
1 0.3625 0.54765625 0.0296875 0.0328125
1 0.37578125 0.66015625 0.03125 0.034375
1 0.26875 0.6015625 0.0328125 0.0359375
0 0.45234375 0.62265625 0.028125 0.03125
0 0.53203125 0.61015625 0.028125 0.028125
0 0.4609375 0.53671875 0.028125 0.0296875
1 0.55625 0.42109375 0.021875 0.0234375
1 0.63515625 0.47734375 0.021875 0.0234375
1 0.609375 0.578125 0.021875 0.021875