1 0.553125 0.51640625 0.028125 0.0109375
1 0.65546875 0.55625 0.02890625 0.01328125
1 0.703125 0.46875 0.0140625 0.02421875
1 0.64609375 0.3734375 0.01640625 0.0234375
1 0.6640625 0.2921875 0.02890625 0.0140625
1 0.75234375 0.34140625 0.03515625 0.01171875
1 0.5515625 0.3640625 0.03359375 0.00859375
1 0.45703125 0.3015625 0.03359375 0.0125
1 0.57109375 0.2578125 0.0328125 0.01640625
0 0.43671875 0.384375 0.03125 0.0109375
0 0.3953125 0.45390625 0.0203125 0.01953125
0 0.496875 0.44609375 0.02421875 0.01640625
1 0.52421875 0.59375 0.02109375 0.0109375
1 0.43046875 0.61796875 0.02265625 0.0109375
1 0.3703125 0.53359375 0.01640625 0.01484375