1 0.4625 0.540625 0.0296875 0.0234375
1 0.39375 0.6265625 0.03125 0.025
1 0.30859375 0.57421875 0.025 0.028125
1 0.31015625 0.46328125 0.025 0.028125
1 0.25390625 0.40234375 0.03125 0.0265625
1 0.20234375 0.4890625 0.0359375 0.028125
1 0.3875 0.4078125 0.034375 0.025
1 0.43828125 0.30703125 0.0359375 0.028125
1 0.3171875 0.32578125 0.0359375 0.0296875
0 0.496875 0.36796875 0.0328125 0.025
0 0.56796875 0.4078125 0.0265625 0.0265625
0 0.47578125 0.4515625 0.0296875 0.0265625
1 0.52578125 0.59296875 0.025 0.0203125
1 0.61953125 0.5671875 0.025 0.0203125
1 0.62890625 0.4640625 0.021875 0.021875