1 0.63203125 0.53125 0.0296875 0.0203125
1 0.7078125 0.553125 0.0296875 0.015625
1 0.62734375 0.58828125 0.015625 0.0203125
1 0.46796875 0.571875 0.0140625 0.015625
1 0.33046875 0.509375 0.0171875 0.0171875
1 0.32578125 0.43203125 0.021875 0.009375
0 0.41875 0.4046875 0.021875 0.01875
0 0.428125 0.33671875 0.0171875 0.0234375
0 0.4953125 0.4328125 0.0203125 0.01875
1 0.67578125 0.428125 0.03125 0.0140625
1 0.75390625 0.46328125 0.034375 0.009375
1 0.72265625 0.38203125 0.025 0.0234375
1 0.6640625 0.3171875 0.028125 0.0234375
1 0.58515625 0.2765625 0.028125 0.015625
1 0.665625 0.25 0.034375 0.0109375