1 0.6328125 0.5265625 0.0296875 0.01953125
1 0.709375 0.54609375 0.0296875 0.0140625
1 0.63046875 0.58359375 0.01484375 0.0203125
1 0.4703125 0.57265625 0.0140625 0.01640625
1 0.33125 0.515625 0.0171875 0.0171875
1 0.3234375 0.43828125 0.02265625 0.009375
0 0.415625 0.4078125 0.02265625 0.01953125
0 0.42265625 0.3390625 0.01484375 0.0234375
0 0.49296875 0.4328125 0.0203125 0.01953125
1 0.6734375 0.421875 0.03046875 0.01328125
1 0.75234375 0.4546875 0.03515625 0.0078125
1 0.71875 0.37421875 0.02578125 0.02265625
1 0.6578125 0.31171875 0.02890625 0.02109375
1 0.57734375 0.2734375 0.02890625 0.0140625
1 0.65703125 0.24453125 0.03515625 0.01015625