1 0.615625 0.57109375 0.034375 0.034375
1 0.684375 0.609375 0.03125 0.03125
1 0.65234375 0.528125 0.025 0.025
1 0.528125 0.4265625 0.0203125 0.0203125
1 0.3875 0.3734375 0.025 0.025
1 0.32890625 0.425 0.021875 0.021875
0 0.37578125 0.51015625 0.028125 0.028125
0 0.33359375 0.56484375 0.028125 0.028125
0 0.44921875 0.54453125 0.028125 0.028125
1 0.5734375 0.67578125 0.03125 0.0296875
1 0.65390625 0.70546875 0.0296875 0.0296875
1 0.57421875 0.74140625 0.0328125 0.0328125
1 0.48671875 0.7453125 0.0359375 0.0359375
1 0.40234375 0.71875 0.0296875 0.0296875
1 0.440625 0.79375 0.03125 0.0296875