1 0.4921875 0.6375 0.03203125 0.01015625
1 0.59609375 0.52890625 0.0140625 0.02109375
1 0.7015625 0.6203125 0.01875 0.01875
1 0.8109375 0.5484375 0.0203125 0.0125
1 0.8390625 0.459375 0.02265625 0.015625
1 0.7125 0.446875 0.01796875 0.0109375
1 0.778125 0.33203125 0.03515625 0.0125
1 0.65 0.28046875 0.0375 0.01171875
1 0.696875 0.18203125 0.0375 0.00859375
1 0.42109375 0.16953125 0.0125 0.0265625
1 0.2984375 0.24609375 0.03671875 0.01171875
1 0.428125 0.32578125 0.03984375 0.01015625
0 0.403125 0.509375 0.025 0.0171875
0 0.29296875 0.45390625 0.03125 0.01015625
0 0.29609375 0.6203125 0.02421875 0.01328125