1 0.46875 0.634375 0.0328125 0.0140625
1 0.58984375 0.5453125 0.0171875 0.0234375
1 0.67734375 0.653125 0.021875 0.021875
1 0.79765625 0.6015625 0.021875 0.015625
1 0.840625 0.51875 0.025 0.01875
1 0.71875 0.484375 0.0203125 0.0140625
1 0.803125 0.3828125 0.0359375 0.01875
1 0.6859375 0.31015625 0.0390625 0.01875
1 0.74921875 0.22109375 0.0390625 0.015625
1 0.4796875 0.1609375 0.0171875 0.028125
1 0.3453125 0.21484375 0.0390625 0.01875
1 0.459375 0.315625 0.0421875 0.015625
0 0.403125 0.4921875 0.028125 0.021875
0 0.30390625 0.41875 0.0328125 0.0140625
0 0.278125 0.5828125 0.0265625 0.0171875