1 0.54296875 0.63046875 0.0328125 0.0171875
1 0.41484375 0.553125 0.01875 0.025
1 0.33671875 0.66875 0.0234375 0.0234375
1 0.2125 0.62734375 0.0234375 0.0171875
1 0.16171875 0.5484375 0.025 0.0203125
1 0.28125 0.50390625 0.0203125 0.015625
1 0.1875 0.409375 0.0359375 0.0203125
1 0.2984375 0.3265625 0.0390625 0.021875
1 0.22734375 0.24375 0.0390625 0.01875
1 0.490625 0.16015625 0.01875 0.028125
1 0.62890625 0.20234375 0.0390625 0.021875
1 0.52421875 0.31328125 0.0421875 0.0203125
0 0.59609375 0.48359375 0.028125 0.0234375
0 0.68828125 0.4015625 0.0328125 0.0171875
0 0.728125 0.56328125 0.028125 0.01875