0 0.20390625 0.51328125 0.0328125 0.0296875
0 0.4046875 0.5296875 0.0359375 0.03125
0 0.49609375 0.34453125 0.025 0.025
0 0.35859375 0.734375 0.0328125 0.028125
0 0.56484375 0.47890625 0.034375 0.03125
0 0.52421875 0.43125 0.03125 0.0265625
0 0.41796875 0.4421875 0.03125 0.025
0 0.33984375 0.4984375 0.03125 0.0296875
0 0.5703125 0.23203125 0.025 0.0265625
0 0.69765625 0.28203125 0.0265625 0.0265625
0 0.3546875 0.62890625 0.0296875 0.03125
0 0.25703125 0.615625 0.03125 0.0296875
0 0.61640625 0.3921875 0.034375 0.0296875
0 0.40234375 0.3265625 0.0234375 0.0265625
0 0.5546875 0.68359375 0.0265625 0.0265625
0 0.5734375 0.55 0.028125 0.0234375
0 0.659375 0.46875 0.0296875 0.0296875
0 0.478125 0.5625 0.028125 0.028125
0 0.4796875 0.17421875 0.0234375 0.021875
0 0.6296875 0.609375 0.028125 0.028125
0 0.60078125 0.3078125 0.028125 0.0328125
0 0.303125 0.40546875 0.0296875 0.0265625
0 0.69375 0.55 0.025 0.0265625
0 0.7203125 0.36484375 0.028125 0.028125
0 0.7625 0.4484375 0.0296875 0.028125
0 0.46328125 0.653125 0.0234375 0.0265625
0 0.6625 0.203125 0.025 0.028125
0 0.8203125 0.52734375 0.0296875 0.0265625
0 0.81796875 0.275 0.034375 0.028125
0 0.40625 0.24765625 0.03125 0.025
0 0.8953125 0.5171875 0.0328125 0.028125
0 0.8296875 0.39765625 0.0265625 0.025
0 0.2796875 0.33203125 0.0359375 0.0296875
0 0.765625 0.6265625 0.025 0.028125
0 0.66015625 0.69296875 0.0265625 0.028125