1 0.4984375 0.19765625 0.0359375 0.0234375
1 0.51796875 0.2953125 0.01875 0.021875
1 0.47265625 0.3375 0.028125 0.028125
1 0.52109375 0.42890625 0.01875 0.025
1 0.52109375 0.5328125 0.01875 0.015625
1 0.51640625 0.6 0.0328125 0.0265625
1 0.53046875 0.7359375 0.021875 0.0234375
1 0.40546875 0.76328125 0.015625 0.0125
1 0.40390625 0.65 0.0203125 0.028125
1 0.2890625 0.621875 0.0171875 0.0265625
1 0.39921875 0.52890625 0.0203125 0.0203125
1 0.3890625 0.41015625 0.0328125 0.025
1 0.62109375 0.4828125 0.021875 0.028125
1 0.6625 0.403125 0.034375 0.01875
1 0.64765625 0.28359375 0.0265625 0.0171875
1 0.35703125 0.246875 0.0234375 0.015625
1 0.30078125 0.3421875 0.034375 0.0171875
1 0.24609375 0.4265625 0.021875 0.01875
1 0.225 0.52421875 0.0171875 0.0140625
1 0.76953125 0.37265625 0.0328125 0.01875
1 0.77890625 0.48828125 0.03125 0.0234375
1 0.715625 0.5578125 0.0234375 0.028125
1 0.72109375 0.6328125 0.03125 0.025
1 0.6890625 0.73984375 0.0265625 0.028125
1 0.8203125 0.621875 0.03125 0.025
1 0.6375 0.5640625 0.0265625 0.025
1 0.5953125 0.67734375 0.028125 0.028125