0 0.53515625 0.46875 0.028125 0.03125
0 0.19140625 0.41875 0.034375 0.028125
0 0.73359375 0.43828125 0.0296875 0.0296875
0 0.565625 0.28828125 0.0265625 0.0265625
0 0.296875 0.3765625 0.0296875 0.03125
0 0.3421875 0.57421875 0.0296875 0.03125
0 0.3875 0.2140625 0.0234375 0.0265625
0 0.278125 0.6484375 0.0328125 0.028125
0 0.67265625 0.4171875 0.0328125 0.028125
0 0.39765625 0.35 0.0328125 0.0296875
0 0.475 0.59453125 0.028125 0.0296875
0 0.30390625 0.478125 0.03125 0.0234375
0 0.47734375 0.38671875 0.0328125 0.0234375
0 0.18203125 0.51171875 0.021875 0.0265625
0 0.6671875 0.31640625 0.0296875 0.0296875
0 0.5421875 0.40859375 0.034375 0.0265625
0 0.58359375 0.56484375 0.034375 0.0234375
0 0.5015625 0.75078125 0.0296875 0.021875
0 0.81484375 0.53046875 0.0359375 0.0265625
0 0.73984375 0.6046875 0.025 0.028125
0 0.63203125 0.50390625 0.0328125 0.025
0 0.39296875 0.42890625 0.034375 0.0234375
0 0.45703125 0.515625 0.0359375 0.0265625
0 0.559375 0.6375 0.034375 0.0234375
0 0.23984375 0.25 0.0265625 0.0265625
0 0.8015625 0.36015625 0.0328125 0.0234375
0 0.41484375 0.66875 0.0296875 0.021875
0 0.6546875 0.72109375 0.0203125 0.0234375
0 0.47109375 0.26015625 0.0328125 0.021875