1 0.315625 0.253125 0.03046875 0.0109375
1 0.27734375 0.38203125 0.02265625 0.01171875
1 0.31171875 0.47734375 0.03125 0.009375
1 0.41640625 0.55234375 0.021875 0.01484375
1 0.34140625 0.67734375 0.034375 0.0109375
1 0.46171875 0.70625 0.028125 0.01015625
1 0.53671875 0.5953125 0.028125 0.01640625
1 0.41328125 0.434375 0.02578125 0.0078125
1 0.4765625 0.38515625 0.01796875 0.0078125
1 0.465625 0.29296875 0.01171875 0.0171875
1 0.51875 0.48203125 0.0171875 0.021875
1 0.63671875 0.6890625 0.0140625 0.0109375
1 0.74296875 0.6828125 0.03046875 0.01328125
1 0.609375 0.35078125 0.03359375 0.00859375
1 0.740625 0.3578125 0.01640625 0.01328125
1 0.82421875 0.42421875 0.0125 0.02109375
1 0.79296875 0.51640625 0.0140625 0.0234375
1 0.91328125 0.4984375 0.0328125 0.01640625
1 0.67734375 0.26953125 0.03359375 0.01171875
1 0.59921875 0.428125 0.0265625 0.01875
1 0.65390625 0.55234375 0.02890625 0.0125
1 0.71484375 0.4390625 0.02578125 0.01328125
1 0.84140625 0.6140625 0.03046875 0.01015625