0 0.66953125 0.31796875 0.0359375 0.015625
0 0.71171875 0.38671875 0.0234375 0.01875
0 0.58203125 0.41015625 0.0328125 0.015625
0 0.6484375 0.48984375 0.0359375 0.0125
0 0.7625 0.50234375 0.0265625 0.021875
0 0.77421875 0.62109375 0.0296875 0.015625
0 0.69921875 0.609375 0.021875 0.025
0 0.58828125 0.55 0.01875 0.0203125
0 0.46875 0.49609375 0.0234375 0.0234375
0 0.49296875 0.60078125 0.0265625 0.0203125
0 0.4046875 0.63359375 0.0171875 0.0203125
0 0.509375 0.68203125 0.0234375 0.0203125
0 0.659375 0.69140625 0.0296875 0.0125
0 0.6421875 0.75078125 0.0234375 0.0171875
0 0.4578125 0.75390625 0.0328125 0.0125
0 0.4515625 0.30234375 0.0375 0.0109375
0 0.3765625 0.4109375 0.0328125 0.015625
0 0.3125 0.496875 0.0171875 0.0234375
0 0.3140625 0.596875 0.0296875 0.015625