0 0.6140625 0.6828125 0.03125 0.01484375
0 0.50703125 0.6296875 0.0171875 0.025
0 0.28671875 0.68125 0.0171875 0.01640625
0 0.5453125 0.74765625 0.028125 0.01328125
0 0.68359375 0.43359375 0.0265625 0.0140625
0 0.52265625 0.50390625 0.021875 0.02109375
0 0.446875 0.44296875 0.028125 0.01171875
0 0.19765625 0.6578125 0.02578125 0.01640625
0 0.6734375 0.3203125 0.034375 0.0109375
0 0.17421875 0.565625 0.02265625 0.01875
0 0.31484375 0.42109375 0.03125 0.01015625
0 0.19453125 0.465625 0.0234375 0.01953125
0 0.36796875 0.725 0.02421875 0.02109375
0 0.303125 0.53125 0.02734375 0.01640625
0 0.3828125 0.58359375 0.03125 0.0109375
0 0.4921875 0.3484375 0.0171875 0.0234375
0 0.18046875 0.86640625 0.028125 0.01015625
0 0.57265625 0.27890625 0.0171875 0.02421875
0 0.29921875 0.3015625 0.02734375 0.01953125
0 0.41640625 0.27890625 0.02265625 0.0171875
0 0.67265625 0.55625 0.0125 0.0234375