0 0.83828125 0.62578125 0.0109375 0.028125
0 0.76953125 0.7015625 0.0140625 0.0328125
0 0.65703125 0.7390625 0.021875 0.021875
0 0.559375 0.7609375 0.015625 0.025
0 0.54921875 0.89296875 0.01875 0.01875
0 0.4234375 0.74375 0.021875 0.0140625
0 0.37265625 0.625 0.0234375 0.0140625
0 0.4546875 0.603125 0.025 0.0171875
0 0.53359375 0.634375 0.015625 0.021875
0 0.62421875 0.59765625 0.009375 0.03125
0 0.7625 0.58125 0.0203125 0.025
0 0.68828125 0.58671875 0.01875 0.021875
0 0.721875 0.49296875 0.0109375 0.03125
0 0.721875 0.375 0.025 0.0140625
0 0.64765625 0.465625 0.0171875 0.025
0 0.56484375 0.425 0.0171875 0.025
0 0.54140625 0.35 0.025 0.0140625
0 0.58203125 0.28046875 0.015625 0.03125
0 0.55390625 0.540625 0.025 0.0171875
0 0.4984375 0.51484375 0.0140625 0.034375
0 0.48359375 0.40390625 0.0234375 0.0234375
0 0.4328125 0.4859375 0.0203125 0.03125
0 0.42890625 0.2875 0.0171875 0.03125
0 0.38828125 0.35859375 0.0171875 0.028125
0 0.34375 0.47578125 0.0171875 0.025
0 0.28515625 0.5546875 0.0140625 0.025