0 0.778125 0.35234375 0.0203125 0.028125
0 0.7234375 0.53046875 0.01875 0.03125
0 0.6375 0.41953125 0.0140625 0.0296875
0 0.659375 0.28671875 0.015625 0.0296875
0 0.5578125 0.2546875 0.025 0.025
0 0.53359375 0.41171875 0.01875 0.0296875
0 0.48125 0.33046875 0.0265625 0.0171875
0 0.41015625 0.4265625 0.0171875 0.0359375
0 0.44140625 0.2484375 0.0171875 0.0296875
0 0.31796875 0.403125 0.01875 0.0359375
0 0.3234375 0.615625 0.028125 0.025
0 0.38984375 0.6703125 0.0203125 0.0265625
0 0.490625 0.55390625 0.015625 0.0296875
0 0.56015625 0.68125 0.025 0.0203125
0 0.60546875 0.56640625 0.0234375 0.0171875
0 0.4734375 0.7015625 0.0171875 0.0328125
0 0.634375 0.7265625 0.021875 0.0265625