0 0.49609375 0.52109375 0.0140625 0.0203125
0 0.52890625 0.59453125 0.0234375 0.01796875
0 0.2875 0.63046875 0.034375 0.009375
0 0.4921875 0.66796875 0.01640625 0.02578125
0 0.41171875 0.60390625 0.025 0.01796875
0 0.3328125 0.31796875 0.028125 0.01953125
0 0.38515625 0.44140625 0.03125 0.01328125
0 0.6296875 0.546875 0.028125 0.01171875
0 0.36640625 0.6765625 0.02578125 0.015625
0 0.55078125 0.28515625 0.0265625 0.01796875
0 0.70546875 0.490625 0.01171875 0.025
0 0.640625 0.4078125 0.021875 0.01875
0 0.4078125 0.36171875 0.02421875 0.01640625
0 0.60390625 0.665625 0.0234375 0.0203125
0 0.509375 0.15546875 0.0203125 0.02265625
0 0.6328125 0.321875 0.02421875 0.02265625
0 0.746875 0.5859375 0.02265625 0.01953125
0 0.29296875 0.4625 0.0296875 0.01484375
0 0.37734375 0.5421875 0.03125 0.01328125
0 0.7390625 0.26875 0.0140625 0.01953125
0 0.81015625 0.4234375 0.01328125 0.02265625
0 0.490625 0.4109375 0.0265625 0.0109375
0 0.2078125 0.2953125 0.028125 0.0109375
0 0.44140625 0.2328125 0.01171875 0.02109375
0 0.18046875 0.4265625 0.03203125 0.009375
0 0.2484375 0.57890625 0.01328125 0.02265625
0 0.32734375 0.19140625 0.0234375 0.01640625