0 0.503125 0.5875 0.025 0.0203125
0 0.53515625 0.2546875 0.025 0.03125
0 0.72109375 0.61484375 0.025 0.021875
0 0.675 0.2609375 0.021875 0.0359375
0 0.5703125 0.50703125 0.0296875 0.0296875
0 0.67109375 0.515625 0.0234375 0.0265625
0 0.4140625 0.51015625 0.0265625 0.028125
0 0.48828125 0.34296875 0.025 0.0328125
0 0.5953125 0.63203125 0.028125 0.021875
0 0.5796875 0.3953125 0.028125 0.028125
0 0.5234375 0.74375 0.025 0.0359375
0 0.7671875 0.47109375 0.0234375 0.034375
0 0.7234375 0.35859375 0.021875 0.0328125
0 0.48984375 0.475 0.0234375 0.0328125
0 0.59609375 0.21640625 0.021875 0.01875
0 0.4046875 0.353125 0.03125 0.0296875
0 0.63125 0.34140625 0.01875 0.028125
0 0.51171875 0.8390625 0.021875 0.028125
0 0.3296875 0.640625 0.0265625 0.0234375
0 0.66796875 0.41640625 0.0296875 0.028125
0 0.64375 0.7984375 0.025 0.025
0 0.4296875 0.709375 0.0234375 0.0328125
0 0.75078125 0.74140625 0.0296875 0.0265625
0 0.34765625 0.4015625 0.0234375 0.034375
0 0.80703125 0.63671875 0.01875 0.0171875