1 0.196875 0.3890625 0.01875 0.01875
1 0.2859375 0.3890625 0.01875 0.01875
1 0.25078125 0.29296875 0.015625 0.0265625
1 0.353125 0.33984375 0.0203125 0.0171875
1 0.32734375 0.23203125 0.0171875 0.021875
1 0.4296875 0.296875 0.01875 0.025
1 0.43046875 0.21328125 0.0171875 0.0234375
1 0.49375 0.3421875 0.0125 0.0234375
1 0.528125 0.28828125 0.015625 0.01875
1 0.54375 0.1734375 0.01875 0.015625
1 0.55390625 0.375 0.0171875 0.015625
1 0.62421875 0.48203125 0.015625 0.01875
1 0.56328125 0.4859375 0.015625 0.0265625
1 0.49296875 0.4296875 0.0171875 0.015625
1 0.45234375 0.453125 0.0140625 0.0125
1 0.42890625 0.37421875 0.0203125 0.021875
1 0.39765625 0.45078125 0.01875 0.015625
1 0.4046875 0.51953125 0.01875 0.01875
1 0.35078125 0.45546875 0.021875 0.0234375
1 0.459375 0.56875 0.0125 0.025
1 0.51015625 0.57890625 0.0203125 0.025
1 0.4953125 0.665625 0.0203125 0.021875
1 0.51875 0.76484375 0.0203125 0.021875
1 0.59609375 0.61640625 0.01875 0.025
1 0.63828125 0.690625 0.01875 0.025
1 0.67421875 0.61953125 0.015625 0.0234375
1 0.7125 0.5125 0.01875 0.01875
1 0.6515625 0.36953125 0.01875 0.025
1 0.63984375 0.2765625 0.021875 0.021875
1 0.359375 0.6421875 0.021875 0.0171875
1 0.27265625 0.4921875 0.0171875 0.0234375
1 0.29296875 0.6203125 0.01875 0.01875