1 0.7609375 0.31015625 0.015625 0.015625
1 0.675 0.334375 0.015625 0.015625
1 0.68203125 0.23203125 0.009375 0.025
1 0.596875 0.30546875 0.0171875 0.0125
1 0.5921875 0.19453125 0.0125 0.01875
1 0.51171875 0.28515625 0.0125 0.021875
1 0.48828125 0.20546875 0.0109375 0.021875
1 0.4625 0.346875 0.00625 0.021875
1 0.41484375 0.30390625 0.0125 0.015625
1 0.36796875 0.1984375 0.015625 0.0125
1 0.4140625 0.39453125 0.0140625 0.0125
1 0.37578125 0.5171875 0.0125 0.015625
1 0.43515625 0.50390625 0.009375 0.025
1 0.4875 0.43046875 0.0140625 0.0125
1 0.5328125 0.4421875 0.0125 0.009375
1 0.53359375 0.359375 0.015625 0.01875
1 0.584375 0.42421875 0.015625 0.0125
1 0.596875 0.4921875 0.015625 0.015625
1 0.63125 0.41640625 0.0171875 0.01875
1 0.5578125 0.5546875 0.00625 0.025
1 0.51171875 0.57890625 0.0140625 0.021875
1 0.55 0.6578125 0.015625 0.01875
1 0.5546875 0.76015625 0.015625 0.01875
1 0.43984375 0.63828125 0.0125 0.021875
1 0.41953125 0.72109375 0.0125 0.021875
1 0.365625 0.6625 0.009375 0.021875
1 0.29921875 0.5703125 0.015625 0.015625
1 0.31796875 0.41640625 0.0125 0.021875
1 0.30390625 0.3234375 0.0171875 0.0171875
1 0.67421875 0.59765625 0.01875 0.0125
1 0.71640625 0.4296875 0.0109375 0.021875
1 0.73203125 0.55859375 0.015625 0.015625