0 0.76015625 0.49296875 0.0234375 0.015625
0 0.7171875 0.409375 0.0171875 0.0359375
0 0.64921875 0.3359375 0.0171875 0.0359375
0 0.603125 0.2671875 0.015625 0.0296875
0 0.55859375 0.34453125 0.0140625 0.0359375
0 0.5015625 0.2609375 0.0265625 0.015625
0 0.4234375 0.246875 0.01875 0.0359375
0 0.38046875 0.34453125 0.0234375 0.021875
0 0.31328125 0.409375 0.021875 0.0265625
0 0.33046875 0.49453125 0.025 0.021875
0 0.32890625 0.62578125 0.021875 0.03125
0 0.26875 0.3140625 0.0203125 0.028125
0 0.22109375 0.46328125 0.01875 0.028125
0 0.23984375 0.6046875 0.0234375 0.03125
0 0.19453125 0.659375 0.025 0.028125
0 0.21875 0.7484375 0.025 0.021875
0 0.3328125 0.73515625 0.015625 0.0359375
0 0.30859375 0.84921875 0.0234375 0.025
0 0.4109375 0.65078125 0.01875 0.0296875
0 0.39453125 0.75703125 0.0171875 0.0296875
0 0.48359375 0.73984375 0.021875 0.025
0 0.45859375 0.83984375 0.0171875 0.0234375
0 0.4625 0.60390625 0.025 0.0265625
0 0.5140625 0.64609375 0.0140625 0.034375
0 0.49140625 0.5171875 0.0265625 0.015625
0 0.53046875 0.45078125 0.028125 0.025
0 0.440625 0.4453125 0.0140625 0.034375
0 0.46328125 0.371875 0.021875 0.015625
0 0.3890625 0.51875 0.0171875 0.0296875
0 0.5765625 0.54296875 0.021875 0.028125
0 0.5625 0.77421875 0.0140625 0.034375
0 0.6203125 0.69375 0.0234375 0.0296875
0 0.46171875 0.925 0.021875 0.021875
0 0.55625 0.86796875 0.0234375 0.01875
0 0.6375 0.84296875 0.021875 0.0234375
0 0.68125 0.7828125 0.0203125 0.0171875
0 0.71484375 0.675 0.01875 0.025
0 0.72421875 0.57578125 0.0234375 0.0171875
0 0.65078125 0.5734375 0.015625 0.034375
0 0.6265625 0.44296875 0.0140625 0.0265625