0 0.290625 0.60546875 0.03125 0.028125
0 0.51015625 0.59765625 0.028125 0.0265625
0 0.61015625 0.509375 0.025 0.025
0 0.30234375 0.69765625 0.034375 0.0265625
0 0.553125 0.4375 0.03125 0.025
0 0.5046875 0.74140625 0.028125 0.0203125
0 0.44609375 0.50546875 0.028125 0.0203125
0 0.7515625 0.49921875 0.025 0.0265625
0 0.8 0.72578125 0.0234375 0.025
0 0.50703125 0.25625 0.01875 0.025
0 0.6 0.63671875 0.03125 0.0234375
0 0.40625 0.60546875 0.034375 0.0234375
0 0.39921875 0.41171875 0.0234375 0.028125
0 0.4734375 0.35 0.021875 0.025
0 0.31484375 0.51796875 0.0203125 0.025
0 0.67734375 0.41484375 0.034375 0.025
0 0.8125 0.42734375 0.0328125 0.021875
0 0.69765625 0.74921875 0.0234375 0.021875
0 0.21328125 0.478125 0.0234375 0.0265625
0 0.375 0.78125 0.034375 0.021875
0 0.6234375 0.309375 0.0265625 0.0296875
0 0.30390625 0.3578125 0.0296875 0.021875
0 0.4234375 0.703125 0.034375 0.0234375
0 0.825 0.27578125 0.0265625 0.0203125
0 0.6953125 0.57421875 0.021875 0.0234375