1 0.2109375 0.47421875 0.0296875 0.0296875
1 0.36640625 0.3359375 0.03125 0.03125
1 0.4421875 0.23671875 0.025 0.025
1 0.60546875 0.2171875 0.0265625 0.0265625
1 0.52265625 0.28671875 0.03125 0.0328125
1 0.59921875 0.34609375 0.03125 0.0328125
1 0.6359375 0.45390625 0.0296875 0.0296875
1 0.5609375 0.48203125 0.0234375 0.0234375
1 0.484375 0.4140625 0.0296875 0.0296875
1 0.3953125 0.5359375 0.03125 0.0328125
1 0.32578125 0.628125 0.0296875 0.0296875
1 0.4109375 0.70703125 0.0203125 0.0203125
1 0.4875 0.65390625 0.028125 0.028125
1 0.84375 0.5046875 0.0265625 0.0265625
1 0.75859375 0.453125 0.03125 0.03125
1 0.65859375 0.56171875 0.03125 0.0328125
1 0.74453125 0.59375 0.028125 0.0296875
1 0.68359375 0.740625 0.0328125 0.0328125
1 0.584375 0.7890625 0.028125 0.028125
1 0.58671875 0.64375 0.0296875 0.0296875
1 0.7421875 0.153125 0.0203125 0.0203125
1 0.69375 0.28125 0.034375 0.034375
1 0.7953125 0.315625 0.0328125 0.0328125