0 0.70078125 0.2265625 0.0265625 0.021875
0 0.42421875 0.475 0.025 0.021875
0 0.4234375 0.5625 0.0234375 0.0171875
0 0.30859375 0.44609375 0.0171875 0.021875
0 0.68984375 0.31875 0.0203125 0.0203125
0 0.24609375 0.69453125 0.0234375 0.0125
0 0.32421875 0.62734375 0.0328125 0.0140625
0 0.51484375 0.159375 0.0265625 0.025
0 0.58359375 0.4765625 0.01875 0.0171875
0 0.5984375 0.21953125 0.0171875 0.0234375
0 0.853125 0.29296875 0.0140625 0.0234375
0 0.4828125 0.32421875 0.015625 0.021875
0 0.68046875 0.503125 0.021875 0.0234375
0 0.48515625 0.24296875 0.0234375 0.0203125
0 0.6140625 0.70625 0.034375 0.01875
0 0.70078125 0.375 0.0359375 0.0125
0 0.50703125 0.70703125 0.025 0.021875
0 0.4796875 0.409375 0.0328125 0.01875
0 0.51875 0.5484375 0.01875 0.025
0 0.753125 0.690625 0.0171875 0.0203125
0 0.67890625 0.6125 0.0328125 0.0125
0 0.77421875 0.446875 0.0296875 0.015625
0 0.50703125 0.8171875 0.03125 0.0140625
0 0.77890625 0.31015625 0.0328125 0.015625
0 0.67109375 0.759375 0.0328125 0.0109375
0 0.88125 0.58671875 0.0203125 0.0203125
0 0.378125 0.67890625 0.03125 0.0125
0 0.49296875 0.6359375 0.0296875 0.0125
0 0.33671875 0.2703125 0.0203125 0.0234375
0 0.76953125 0.21484375 0.0171875 0.0265625
0 0.3625 0.19375 0.034375 0.0125
0 0.3578125 0.79921875 0.0234375 0.0203125
0 0.5859375 0.39453125 0.0171875 0.0265625
0 0.7828125 0.50546875 0.0359375 0.0140625
0 0.9078125 0.46796875 0.0328125 0.015625
0 0.36953125 0.371875 0.0328125 0.0171875
0 0.896875 0.403125 0.0328125 0.015625
0 0.80625 0.6421875 0.0375 0.0125
0 0.1796875 0.2234375 0.0203125 0.0234375
0 0.23984375 0.5203125 0.0328125 0.0125
0 0.3421875 0.5578125 0.015625 0.0265625
0 0.175 0.453125 0.0296875 0.009375
0 0.603125 0.5859375 0.0328125 0.0125
0 0.253125 0.33046875 0.025 0.021875
0 0.584375 0.30703125 0.03125 0.0109375