1 0.534375 0.78828125 0.0296875 0.028125
1 0.3671875 0.66484375 0.0328125 0.028125
1 0.2546875 0.6109375 0.028125 0.021875
1 0.2015625 0.45546875 0.025 0.0265625
1 0.2859375 0.521875 0.034375 0.028125
1 0.32890625 0.43515625 0.034375 0.028125
1 0.4265625 0.3765625 0.0328125 0.0265625
1 0.46953125 0.44375 0.025 0.0203125
1 0.41953125 0.53359375 0.034375 0.025
1 0.55703125 0.59453125 0.0359375 0.0265625
1 0.66171875 0.64375 0.0328125 0.025
1 0.72109375 0.54453125 0.0203125 0.01875
1 0.653125 0.48046875 0.0265625 0.0296875
1 0.43359375 0.1625 0.0296875 0.021875
1 0.4 0.25703125 0.0328125 0.0265625
1 0.52734375 0.33203125 0.03125 0.03125
1 0.540625 0.24140625 0.03125 0.025
1 0.696875 0.2703125 0.034375 0.0296875
1 0.765625 0.35703125 0.0296875 0.025
1 0.62265625 0.38515625 0.03125 0.0265625
1 0.11015625 0.33515625 0.0203125 0.021875
1 0.2453125 0.35546875 0.0359375 0.03125
1 0.2578125 0.24921875 0.03125 0.0328125