1 0.73203125 0.38515625 0.03125 0.034375
1 0.61953125 0.26953125 0.03125 0.03125
1 0.575 0.16640625 0.0265625 0.034375
1 0.49296875 0.196875 0.0296875 0.03125
1 0.5984375 0.35625 0.025 0.0328125
1 0.4984375 0.290625 0.028125 0.0375
1 0.59921875 0.4375 0.03125 0.03125
1 0.67421875 0.44921875 0.03125 0.0296875
1 0.6453125 0.521875 0.03125 0.0375
1 0.38984375 0.25859375 0.0296875 0.0328125
1 0.43984375 0.328125 0.028125 0.034375
1 0.49453125 0.409375 0.0296875 0.025
1 0.5328125 0.49140625 0.0296875 0.0265625
1 0.5453125 0.5859375 0.0296875 0.0328125
1 0.46015625 0.4796875 0.028125 0.0375
1 0.390625 0.40078125 0.03125 0.0375
1 0.328125 0.32265625 0.028125 0.0328125
1 0.328125 0.415625 0.03125 0.0375
1 0.33359375 0.5671875 0.0328125 0.03125
1 0.37890625 0.48984375 0.0234375 0.0265625
1 0.43984375 0.60234375 0.0203125 0.025
1 0.4734375 0.5625 0.0265625 0.034375
1 0.45859375 0.690625 0.021875 0.025
1 0.565625 0.76875 0.0296875 0.0296875
1 0.57421875 0.68203125 0.03125 0.025
1 0.625 0.66171875 0.0296875 0.028125
1 0.6765625 0.64765625 0.028125 0.0328125
1 0.77265625 0.70625 0.021875 0.01875
1 0.77421875 0.55078125 0.028125 0.0328125