0 0.734375 0.50703125 0.025 0.01796875
0 0.53203125 0.59296875 0.021875 0.01953125
0 0.40390625 0.55546875 0.01953125 0.01875
0 0.7625 0.5953125 0.03125 0.0140625
0 0.42578125 0.465625 0.02734375 0.0140625
0 0.59765625 0.72109375 0.02734375 0.009375
0 0.55078125 0.48203125 0.0265625 0.01015625
0 0.271875 0.60546875 0.01875 0.0203125
0 0.3234375 0.83125 0.0171875 0.0203125
0 0.390625 0.28203125 0.01015625 0.0234375
0 0.4671875 0.66640625 0.02734375 0.0125
0 0.6296875 0.55625 0.034375 0.00859375
0 0.55390625 0.37734375 0.01640625 0.0234375
0 0.4609375 0.353125 0.0140625 0.0203125
0 0.67578125 0.43828125 0.01328125 0.02265625
0 0.303125 0.49765625 0.03203125 0.0125
0 0.1859375 0.56640625 0.03203125 0.009375
0 0.4265625 0.809375 0.01953125 0.01640625
0 0.75078125 0.35859375 0.01484375 0.021875
0 0.73203125 0.70234375 0.0328125 0.01015625
0 0.3078125 0.3796875 0.0171875 0.02421875
0 0.61796875 0.28828125 0.0265625 0.01171875
0 0.65546875 0.6515625 0.03359375 0.009375
0 0.1109375 0.434375 0.025 0.0109375
0 0.3546875 0.65 0.01640625 0.01796875