1 0.33828125 0.23359375 0.01171875 0.01796875
1 0.37734375 0.30859375 0.0140625 0.021875
1 0.2125 0.33359375 0.02734375 0.015625
1 0.34453125 0.3703125 0.0171875 0.0234375
1 0.33125 0.4296875 0.02109375 0.0140625
1 0.1921875 0.45546875 0.01640625 0.02421875
1 0.290625 0.50390625 0.034375 0.0109375
1 0.3953125 0.4546875 0.034375 0.01484375
1 0.46953125 0.4171875 0.0171875 0.02421875
1 0.5171875 0.35078125 0.0171875 0.01796875
1 0.46328125 0.2875 0.03125 0.01640625
1 0.5265625 0.4796875 0.01328125 0.0265625
1 0.4421875 0.51796875 0.0125 0.01796875
1 0.50859375 0.53828125 0.02421875 0.02109375
1 0.37421875 0.534375 0.0171875 0.01875
1 0.46171875 0.58828125 0.02734375 0.02421875
1 0.25546875 0.61875 0.01328125 0.0203125
1 0.428125 0.66328125 0.0296875 0.00859375
1 0.61328125 0.66484375 0.03515625 0.01484375
1 0.740625 0.59375 0.0140625 0.02578125
1 0.625 0.55546875 0.0234375 0.01484375
1 0.740625 0.525 0.03125 0.009375
1 0.6140625 0.49140625 0.025 0.02265625
1 0.67890625 0.4515625 0.03359375 0.009375
1 0.58046875 0.4203125 0.02578125 0.01015625
1 0.75546875 0.40390625 0.01484375 0.0171875
1 0.62109375 0.35546875 0.03359375 0.01015625
1 0.59453125 0.29140625 0.03359375 0.01796875
1 0.72890625 0.28046875 0.01640625 0.01875