1 0.69765625 0.24140625 0.025 0.034375
1 0.75625 0.39375 0.028125 0.0203125
1 0.81328125 0.54609375 0.0203125 0.03125
1 0.740625 0.546875 0.0203125 0.0359375
1 0.63828125 0.31875 0.0296875 0.0265625
1 0.5640625 0.18046875 0.0265625 0.0203125
1 0.5640625 0.3515625 0.0234375 0.028125
1 0.62890625 0.46796875 0.0203125 0.0359375
1 0.4703125 0.20625 0.0296875 0.028125
1 0.4625 0.33671875 0.025 0.03125
1 0.37890625 0.21328125 0.0265625 0.021875
1 0.36171875 0.33046875 0.0203125 0.0328125
1 0.47109375 0.4359375 0.028125 0.0328125
1 0.56875 0.51875 0.0234375 0.034375
1 0.52578125 0.58125 0.025 0.034375
1 0.41328125 0.503125 0.028125 0.028125
1 0.25 0.1984375 0.025 0.021875
1 0.23828125 0.31328125 0.021875 0.0359375
1 0.28046875 0.42734375 0.0265625 0.021875
1 0.2890625 0.584375 0.0296875 0.0265625
1 0.384375 0.628125 0.0234375 0.03125
1 0.4234375 0.7703125 0.0234375 0.034375
1 0.51484375 0.68984375 0.025 0.0265625
1 0.58671875 0.81328125 0.025 0.0296875
1 0.68515625 0.72421875 0.025 0.03125
1 0.12890625 0.3921875 0.028125 0.0265625