0 0.371875 0.7875 0.025 0.0296875
0 0.3046875 0.61328125 0.0234375 0.0328125
0 0.44140625 0.64765625 0.01875 0.028125
0 0.50625 0.76640625 0.0203125 0.0296875
0 0.60625 0.72890625 0.0265625 0.0265625
0 0.528125 0.590625 0.0234375 0.03125
0 0.61875 0.621875 0.028125 0.021875
0 0.615625 0.503125 0.0234375 0.034375
0 0.7015625 0.66171875 0.021875 0.0296875
0 0.703125 0.4640625 0.025 0.0359375
0 0.56796875 0.3 0.0296875 0.028125
0 0.48203125 0.2984375 0.0234375 0.028125
0 0.47421875 0.4515625 0.0203125 0.0296875
0 0.34140625 0.39375 0.0265625 0.0234375
0 0.37578125 0.51328125 0.025 0.0203125
0 0.396875 0.325 0.0234375 0.0328125
0 0.2546875 0.40390625 0.025 0.028125