0 0.41484375 0.45078125 0.0265625 0.025
0 0.4546875 0.35 0.028125 0.0328125
0 0.46953125 0.571875 0.025 0.0265625
0 0.50390625 0.678125 0.0265625 0.028125
0 0.3015625 0.3265625 0.0265625 0.028125
0 0.4125 0.684375 0.0328125 0.0359375
0 0.28125 0.44375 0.0265625 0.0265625
0 0.5625 0.3125 0.0296875 0.0328125
0 0.33828125 0.25703125 0.0265625 0.0328125
0 0.62265625 0.63046875 0.0265625 0.0234375
0 0.43359375 0.2140625 0.0296875 0.028125
0 0.528125 0.428125 0.028125 0.0234375
0 0.5640625 0.5109375 0.0296875 0.0265625
0 0.2921875 0.5921875 0.0296875 0.0375
0 0.71796875 0.5921875 0.0328125 0.03125
0 0.67265625 0.334375 0.0296875 0.028125
0 0.63359375 0.22109375 0.0265625 0.0265625
0 0.74609375 0.46171875 0.0265625 0.034375