1 0.63203125 0.27734375 0.0328125 0.028125
1 0.475 0.24140625 0.0296875 0.03125
1 0.38125 0.17890625 0.034375 0.0234375
1 0.32890625 0.24921875 0.03125 0.028125
1 0.5046875 0.3265625 0.034375 0.021875
1 0.38515625 0.32578125 0.0375 0.025
1 0.5484375 0.39375 0.03125 0.0296875
1 0.61875 0.3625 0.028125 0.03125
1 0.63359375 0.4390625 0.0375 0.028125
1 0.27578125 0.3578125 0.0328125 0.0265625
1 0.35625 0.3890625 0.0359375 0.025
1 0.44609375 0.42734375 0.021875 0.0296875
1 0.52265625 0.475 0.025 0.028125
1 0.58515625 0.54765625 0.03125 0.028125
1 0.45546875 0.5046875 0.0375 0.025
1 0.35390625 0.47578125 0.0375 0.028125
1 0.259375 0.44453125 0.0328125 0.0265625
1 0.31015625 0.52265625 0.0375 0.028125
1 0.396875 0.646875 0.0296875 0.03125
1 0.39296875 0.5578125 0.025 0.021875
1 0.5046875 0.61875 0.025 0.01875
1 0.51171875 0.56640625 0.034375 0.0234375
1 0.56953125 0.68203125 0.0265625 0.0203125
1 0.7015625 0.68984375 0.0296875 0.0296875
1 0.66171875 0.6125 0.0234375 0.03125
1 0.69296875 0.5671875 0.028125 0.028125
1 0.728125 0.528125 0.0328125 0.0265625
1 0.84140625 0.52421875 0.0171875 0.021875
1 0.7578125 0.39296875 0.0328125 0.0265625