1 0.69375 0.76171875 0.0328125 0.0171875
1 0.53125 0.77578125 0.0140625 0.0265625
1 0.36953125 0.78828125 0.03125 0.0140625
1 0.3890625 0.71796875 0.034375 0.0125
1 0.6359375 0.6828125 0.0203125 0.0265625
1 0.78984375 0.64921875 0.0140625 0.025
1 0.625 0.603125 0.025 0.0171875
1 0.4953125 0.6328125 0.034375 0.0125
1 0.790625 0.55234375 0.021875 0.025
1 0.6671875 0.50859375 0.0296875 0.01875
1 0.80859375 0.4625 0.0171875 0.0234375
1 0.70078125 0.4140625 0.03125 0.0125
1 0.56953125 0.48984375 0.0296875 0.021875
1 0.46328125 0.5609375 0.0328125 0.015625
1 0.41484375 0.503125 0.0328125 0.0171875
1 0.52109375 0.415625 0.0234375 0.0234375
1 0.85859375 0.34296875 0.0171875 0.021875
1 0.7515625 0.3 0.0359375 0.0140625
1 0.6296875 0.309375 0.0171875 0.0234375
1 0.47734375 0.2734375 0.0203125 0.0265625
1 0.40859375 0.353125 0.0296875 0.0171875
1 0.2609375 0.3515625 0.0328125 0.015625
1 0.31328125 0.4625 0.0234375 0.0203125
1 0.175 0.496875 0.0265625 0.01875
1 0.23359375 0.615625 0.0296875 0.01875
1 0.70625 0.17265625 0.0203125 0.025