1 0.18984375 0.53125 0.021875 0.021875
1 0.2734375 0.5171875 0.0265625 0.025
1 0.19375 0.3703125 0.0296875 0.03125
1 0.303125 0.45390625 0.0296875 0.028125
1 0.3421875 0.4078125 0.025 0.0265625
1 0.27890625 0.28125 0.0296875 0.028125
1 0.37734375 0.33046875 0.0296875 0.034375
1 0.40078125 0.44375 0.0328125 0.0375
1 0.415625 0.52578125 0.0296875 0.028125
1 0.39140625 0.60390625 0.025 0.025
1 0.3078125 0.5984375 0.03125 0.034375
1 0.5 0.53359375 0.028125 0.0265625
1 0.4796875 0.44296875 0.021875 0.021875
1 0.5359375 0.48359375 0.0328125 0.0328125
1 0.4515625 0.37890625 0.025 0.025
1 0.54765625 0.41640625 0.0375 0.0375
1 0.44765625 0.23359375 0.0234375 0.021875
1 0.5875 0.34453125 0.025 0.0296875
1 0.7 0.49140625 0.0328125 0.0375
1 0.71953125 0.6359375 0.028125 0.0265625
1 0.61953125 0.56640625 0.0265625 0.028125
1 0.66484375 0.67734375 0.0265625 0.03125
1 0.56171875 0.59609375 0.0328125 0.0328125
1 0.56875 0.671875 0.028125 0.0328125
1 0.48515625 0.6125 0.021875 0.025
1 0.57734375 0.76171875 0.0234375 0.0234375
1 0.4578125 0.68359375 0.028125 0.0328125
1 0.390625 0.70078125 0.0359375 0.0390625
1 0.4625 0.81484375 0.025 0.0234375