1 0.4921875 0.34375 0.01875 0.015625
1 0.6859375 0.3546875 0.02265625 0.01171875
1 0.6203125 0.44140625 0.021875 0.0109375
1 0.7484375 0.47890625 0.0234375 0.0140625
1 0.63984375 0.503125 0.0109375 0.01484375
1 0.55859375 0.40234375 0.02421875 0.0125
1 0.41796875 0.40390625 0.02421875 0.009375
1 0.5203125 0.48515625 0.01640625 0.0140625
1 0.4265625 0.484375 0.02421875 0.01015625
1 0.359375 0.4828125 0.01875 0.01484375
1 0.2890625 0.4484375 0.01640625 0.01484375
1 0.246875 0.49609375 0.01796875 0.01328125
1 0.29453125 0.5734375 0.015625 0.01796875
1 0.37421875 0.5484375 0.01875 0.009375
1 0.45859375 0.55703125 0.02109375 0.0125
1 0.5453125 0.60078125 0.01640625 0.01484375
1 0.68984375 0.60859375 0.021875 0.009375
1 0.753125 0.640625 0.0125 0.0140625
1 0.603125 0.7 0.01875 0.0125
1 0.45859375 0.64609375 0.01796875 0.0171875
1 0.44609375 0.71484375 0.025 0.01015625
1 0.3453125 0.6625 0.0140625 0.01484375
1 0.33984375 0.35078125 0.0125 0.01484375