0 0.528125 0.496875 0.02890625 0.0140625
0 0.80078125 0.4078125 0.0265625 0.01875
0 0.36796875 0.38515625 0.01640625 0.0203125
0 0.48203125 0.37265625 0.01640625 0.01953125
0 0.3875 0.45859375 0.02421875 0.01484375
0 0.33359375 0.540625 0.025 0.01953125
0 0.4453125 0.49140625 0.02890625 0.009375
0 0.67109375 0.54296875 0.03125 0.009375
0 0.675 0.425 0.01875 0.02265625
0 0.575 0.4171875 0.021875 0.0203125
0 0.44765625 0.27578125 0.021875 0.01953125
0 0.48671875 0.5875 0.02265625 0.02109375
0 0.5859375 0.59140625 0.03046875 0.0109375
0 0.65546875 0.675 0.01953125 0.02265625
0 0.81015625 0.34140625 0.0296875 0.009375
0 0.60546875 0.49375 0.0296875 0.00859375
0 0.58046875 0.68828125 0.028125 0.0203125
0 0.43515625 0.66796875 0.0125 0.02421875
0 0.67734375 0.334375 0.0203125 0.01953125
0 0.796875 0.6265625 0.01171875 0.021875
0 0.7796875 0.5125 0.03125 0.0125
0 0.56875 0.32578125 0.0265625 0.0109375
0 0.3203125 0.3359375 0.021875 0.0125
0 0.3984375 0.57578125 0.03125 0.00859375