0 0.5984375 0.7796875 0.0234375 0.0296875
0 0.50859375 0.59921875 0.0234375 0.034375
0 0.64609375 0.4453125 0.0234375 0.01875
0 0.3359375 0.71875 0.01875 0.0328125
0 0.4953125 0.43203125 0.0234375 0.0328125
0 0.55390625 0.4515625 0.01875 0.03125
0 0.584375 0.5546875 0.015625 0.0328125
0 0.5609375 0.64765625 0.0234375 0.028125
0 0.721875 0.334375 0.025 0.0203125
0 0.628125 0.23515625 0.021875 0.021875
0 0.434375 0.68359375 0.0265625 0.025
0 0.48359375 0.76875 0.0234375 0.028125
0 0.55625 0.3515625 0.021875 0.034375
0 0.69765625 0.52578125 0.025 0.01875
0 0.309375 0.51796875 0.021875 0.021875
0 0.42578125 0.45078125 0.015625 0.0296875
0 0.46875 0.340625 0.0265625 0.0265625
0 0.45 0.54375 0.0234375 0.0234375
0 0.809375 0.39609375 0.01875 0.0203125
0 0.35 0.42109375 0.025 0.0234375
0 0.640625 0.334375 0.03125 0.021875
0 0.6609375 0.646875 0.0203125 0.028125
0 0.38125 0.3390625 0.025 0.0203125
0 0.54296875 0.24453125 0.025 0.0234375
0 0.44921875 0.2375 0.021875 0.028125
0 0.371875 0.590625 0.025 0.01875
0 0.71484375 0.23828125 0.0265625 0.0171875
0 0.3546875 0.21328125 0.01875 0.0296875
0 0.5890625 0.12109375 0.01875 0.034375
0 0.76953125 0.4921875 0.015625 0.0328125
0 0.3359375 0.13984375 0.021875 0.03125
0 0.471875 0.15625 0.0203125 0.025
0 0.73828125 0.640625 0.01875 0.0359375
0 0.28359375 0.3015625 0.0265625 0.0171875
0 0.2609375 0.4234375 0.025 0.021875