0 0.69375 0.46953125 0.01875 0.021875
0 0.58203125 0.5390625 0.015625 0.021875
0 0.76640625 0.4765625 0.0140625 0.03125
0 0.64609375 0.584375 0.0203125 0.0203125
0 0.5265625 0.43671875 0.015625 0.028125
0 0.490625 0.59375 0.01875 0.0140625
0 0.640625 0.396875 0.0125 0.0234375
0 0.3578125 0.44296875 0.009375 0.0328125
0 0.696875 0.3140625 0.009375 0.0328125
0 0.41328125 0.546875 0.009375 0.028125
0 0.403125 0.6671875 0.0125 0.028125
0 0.73046875 0.64921875 0.009375 0.03125
0 0.54921875 0.64921875 0.0171875 0.025
0 0.33046875 0.60546875 0.0125 0.0296875
0 0.684375 0.1703125 0.0109375 0.034375
0 0.8 0.29921875 0.0203125 0.0140625
0 0.56328125 0.3 0.009375 0.03125
0 0.653125 0.68125 0.009375 0.03125
0 0.43046875 0.74765625 0.0078125 0.025
0 0.53828125 0.759375 0.009375 0.03125
0 0.58125 0.76875 0.0125 0.028125
0 0.478125 0.33671875 0.009375 0.0296875
0 0.35078125 0.2921875 0.0125 0.028125