1 0.3609375 0.19921875 0.0203125 0.01875
1 0.2875 0.24765625 0.021875 0.0171875
1 0.21953125 0.35 0.021875 0.01875
1 0.34453125 0.33828125 0.0234375 0.0125
1 0.48046875 0.3359375 0.025 0.015625
1 0.45859375 0.246875 0.0203125 0.0125
1 0.578125 0.26328125 0.0296875 0.0125
1 0.76640625 0.27890625 0.015625 0.015625
1 0.646875 0.33046875 0.0203125 0.015625
1 0.69609375 0.41640625 0.0234375 0.0125
1 0.58203125 0.41953125 0.0265625 0.015625
1 0.45859375 0.421875 0.0234375 0.0125
1 0.3484375 0.4609375 0.0234375 0.0140625
1 0.23515625 0.4609375 0.0265625 0.0125
1 0.26953125 0.553125 0.0265625 0.015625
1 0.45546875 0.51015625 0.021875 0.009375
1 0.54921875 0.515625 0.0265625 0.0140625
1 0.4640625 0.5875 0.0234375 0.015625
1 0.3640625 0.59296875 0.015625 0.0203125
1 0.76953125 0.47421875 0.0171875 0.0171875
1 0.68203125 0.56796875 0.0203125 0.01875
1 0.578125 0.62890625 0.0140625 0.015625
1 0.684375 0.65859375 0.028125 0.0125
1 0.48984375 0.67265625 0.0203125 0.01875
1 0.34921875 0.6953125 0.025 0.015625