0 0.41328125 0.46953125 0.0265625 0.025
0 0.49921875 0.29296875 0.021875 0.025
0 0.3625 0.33671875 0.0296875 0.021875
0 0.51015625 0.36171875 0.01875 0.0203125
0 0.6546875 0.52421875 0.0328125 0.0203125
0 0.78125 0.4140625 0.01875 0.0234375
0 0.48671875 0.765625 0.015625 0.0265625
0 0.19375 0.55 0.0265625 0.025
0 0.51953125 0.5234375 0.021875 0.025
0 0.60859375 0.409375 0.025 0.021875
0 0.34375 0.6984375 0.03125 0.0171875
0 0.59453125 0.2671875 0.03125 0.021875
0 0.525 0.68046875 0.0296875 0.0171875
0 0.253125 0.38984375 0.025 0.021875
0 0.7796875 0.5 0.015625 0.0265625
0 0.6375 0.353125 0.015625 0.025
0 0.32890625 0.50390625 0.025 0.021875
0 0.6109375 0.584375 0.0296875 0.0203125
0 0.46796875 0.41015625 0.0328125 0.0171875
0 0.5453125 0.46171875 0.0171875 0.0234375
0 0.33984375 0.5984375 0.0203125 0.025
0 0.7828125 0.58046875 0.025 0.021875
0 0.4703125 0.59375 0.021875 0.0234375
0 0.2078125 0.67578125 0.015625 0.0234375
0 0.7296875 0.31171875 0.03125 0.015625
0 0.7078125 0.675 0.021875 0.0265625