0 0.51953125 0.49140625 0.025 0.0234375
0 0.56328125 0.42421875 0.028125 0.0296875
0 0.725 0.60703125 0.0265625 0.034375
0 0.6453125 0.41484375 0.0296875 0.0265625
0 0.63515625 0.5171875 0.0296875 0.03125
0 0.43828125 0.7390625 0.03125 0.034375
0 0.51328125 0.628125 0.028125 0.0328125
0 0.46875 0.365625 0.0265625 0.0296875
0 0.72109375 0.515625 0.0265625 0.0296875
0 0.2921875 0.57421875 0.0296875 0.0328125
0 0.38046875 0.3328125 0.028125 0.0234375
0 0.34609375 0.43203125 0.028125 0.028125
0 0.434375 0.65234375 0.0265625 0.0296875
0 0.58203125 0.32265625 0.0296875 0.03125
0 0.20625 0.6796875 0.0296875 0.0296875
0 0.278125 0.4859375 0.03125 0.0328125
0 0.4375 0.24609375 0.028125 0.028125
0 0.58125 0.69375 0.0296875 0.0328125
0 0.60234375 0.5796875 0.028125 0.0328125
0 0.17578125 0.42578125 0.0234375 0.021875
0 0.2671875 0.28125 0.025 0.021875
0 0.43046875 0.55625 0.0234375 0.028125
0 0.4875 0.85625 0.025 0.0296875
0 0.3078125 0.69453125 0.025 0.021875
0 0.6125 0.8078125 0.025 0.03125
0 0.703125 0.66796875 0.025 0.021875
0 0.33515625 0.8125 0.0265625 0.028125