1 0.40546875 0.303125 0.0265625 0.0171875
1 0.5265625 0.30703125 0.0109375 0.02265625
1 0.42734375 0.3984375 0.03125 0.0109375
1 0.48359375 0.47578125 0.02578125 0.01484375
1 0.46328125 0.5375 0.015625 0.00703125
1 0.39375 0.5921875 0.0296875 0.0078125
1 0.50234375 0.63515625 0.028125 0.0125
1 0.46875 0.73984375 0.025 0.0140625
1 0.3421875 0.4 0.0296875 0.01328125
1 0.27578125 0.4421875 0.03046875 0.01171875
1 0.26328125 0.5078125 0.021875 0.0171875
1 0.3578125 0.52109375 0.02578125 0.01328125
1 0.28125 0.62734375 0.01875 0.01640625
1 0.37890625 0.67265625 0.0296875 0.01328125
1 0.60859375 0.29765625 0.01953125 0.01328125
1 0.54375 0.40703125 0.01953125 0.0203125
1 0.596875 0.46171875 0.0234375 0.01171875
1 0.5609375 0.5671875 0.034375 0.009375
1 0.6546875 0.61796875 0.0234375 0.01328125
1 0.5984375 0.715625 0.02421875 0.01875
1 0.71953125 0.6953125 0.0234375 0.01796875
1 0.70703125 0.34296875 0.028125 0.01171875
1 0.690625 0.48828125 0.025 0.0171875
1 0.78203125 0.60546875 0.03046875 0.0109375
1 0.7859375 0.3796875 0.0171875 0.01640625
1 0.821875 0.4734375 0.03046875 0.01015625