0 0.4921875 0.4078125 0.028125 0.0328125
0 0.50234375 0.5453125 0.0265625 0.0328125
0 0.5515625 0.72109375 0.0296875 0.03125
0 0.58828125 0.33671875 0.025 0.028125
0 0.58203125 0.58671875 0.0296875 0.03125
0 0.4703125 0.26015625 0.028125 0.0296875
0 0.44375 0.62109375 0.028125 0.0328125
0 0.32109375 0.621875 0.025 0.0296875
0 0.3015625 0.37734375 0.025 0.0328125
0 0.3890625 0.2953125 0.0265625 0.034375
0 0.25390625 0.49453125 0.028125 0.0234375
0 0.6546875 0.70703125 0.0328125 0.0359375
0 0.4109375 0.715625 0.0234375 0.03125
0 0.6078125 0.490625 0.0265625 0.03125
0 0.7046875 0.34921875 0.0296875 0.034375
0 0.71796875 0.49921875 0.025 0.03125
0 0.38359375 0.471875 0.025 0.0203125
0 0.58359375 0.20234375 0.028125 0.0296875
0 0.7203125 0.603125 0.028125 0.0234375
0 0.47421875 0.7921875 0.025 0.021875