0 0.4046875 0.521875 0.021875 0.0234375
0 0.36484375 0.42109375 0.0328125 0.0203125
0 0.5265625 0.5734375 0.025 0.0203125
0 0.62421875 0.62734375 0.025 0.021875
0 0.23671875 0.50859375 0.025 0.021875
0 0.56171875 0.6953125 0.034375 0.025
0 0.3015625 0.60859375 0.025 0.0234375
0 0.41796875 0.3203125 0.0296875 0.025
0 0.21640625 0.4328125 0.034375 0.01875
0 0.67890625 0.51171875 0.0171875 0.025
0 0.25625 0.3359375 0.0234375 0.0265625
0 0.47109375 0.428125 0.01875 0.0265625
0 0.55390625 0.4640625 0.021875 0.028125
0 0.4109375 0.70859375 0.0375 0.0203125
0 0.72265625 0.41875 0.0265625 0.0296875
0 0.5140625 0.2609375 0.0234375 0.0265625
0 0.4078125 0.2046875 0.025 0.0234375
0 0.6546875 0.30390625 0.0359375 0.0171875