0 0.52265625 0.1953125 0.034375 0.03125
0 0.2640625 0.37578125 0.0234375 0.025
0 0.4578125 0.32421875 0.0265625 0.0265625
0 0.35625 0.4125 0.0296875 0.028125
0 0.59765625 0.3375 0.034375 0.028125
0 0.6234375 0.42421875 0.0296875 0.03125
0 0.18984375 0.421875 0.025 0.028125
0 0.4015625 0.68828125 0.0265625 0.0296875
0 0.6703125 0.5953125 0.0265625 0.0265625
0 0.5296875 0.5078125 0.0265625 0.0296875
0 0.6765625 0.2265625 0.034375 0.0265625
0 0.5359375 0.64296875 0.034375 0.0265625
0 0.278125 0.52421875 0.028125 0.028125
0 0.72109375 0.3875 0.0296875 0.0296875
0 0.296875 0.659375 0.034375 0.0265625
0 0.48046875 0.4125 0.03125 0.03125
0 0.39609375 0.53515625 0.0296875 0.03125
0 0.70390625 0.5171875 0.03125 0.025