1 0.49609375 0.8078125 0.03125 0.0265625
1 0.3890625 0.7265625 0.025 0.0234375
1 0.3609375 0.62890625 0.03125 0.0265625
1 0.4015625 0.50703125 0.0265625 0.025
1 0.2671875 0.45 0.034375 0.0296875
1 0.34765625 0.35546875 0.028125 0.0234375
1 0.4734375 0.4015625 0.03125 0.0296875
1 0.46875 0.60390625 0.025 0.0203125
1 0.5484375 0.60703125 0.0203125 0.0171875
1 0.59375 0.6875 0.0203125 0.021875
1 0.52578125 0.50390625 0.0265625 0.028125
1 0.49921875 0.26640625 0.0171875 0.0171875
1 0.5890625 0.209375 0.0328125 0.028125
1 0.6765625 0.55625 0.0328125 0.028125
1 0.778125 0.4734375 0.0203125 0.01875
1 0.80703125 0.37109375 0.0234375 0.025
1 0.72734375 0.31484375 0.025 0.0265625
1 0.83515625 0.25859375 0.0359375 0.03125
1 0.77890625 0.58203125 0.0359375 0.0296875
1 0.62265625 0.5 0.0328125 0.03125
1 0.59375 0.3671875 0.0296875 0.0265625
1 0.709375 0.42265625 0.028125 0.025
1 0.709375 0.20703125 0.03125 0.0265625