0 0.45 0.42265625 0.0328125 0.028125
0 0.5234375 0.53828125 0.0328125 0.0265625
0 0.65 0.67109375 0.03125 0.0296875
0 0.5015625 0.3140625 0.028125 0.025
0 0.61328125 0.5375 0.03125 0.0296875
0 0.3609375 0.3015625 0.0296875 0.028125
0 0.50703125 0.63359375 0.0328125 0.028125
0 0.39921875 0.6921875 0.0296875 0.025
0 0.26640625 0.484375 0.0328125 0.025
0 0.30546875 0.37109375 0.034375 0.0265625
0 0.28046875 0.61015625 0.0234375 0.028125
0 0.73359375 0.61015625 0.0359375 0.0328125
0 0.52265625 0.73203125 0.03125 0.0234375
0 0.590625 0.44140625 0.03125 0.0265625
0 0.609375 0.2703125 0.034375 0.0296875
0 0.6921875 0.39765625 0.03125 0.025
0 0.384375 0.5296875 0.0203125 0.025
0 0.43359375 0.19765625 0.0296875 0.028125
0 0.74296875 0.4875 0.0234375 0.028125
0 0.61484375 0.7703125 0.021875 0.025