1 0.4234375 0.63671875 0.0234375 0.0234375
1 0.265625 0.525 0.025 0.021875
1 0.3671875 0.4859375 0.025 0.0203125
1 0.278125 0.3859375 0.0265625 0.025
1 0.3828125 0.4234375 0.0171875 0.01875
1 0.3984375 0.5515625 0.028125 0.0234375
1 0.51875 0.625 0.0265625 0.021875
1 0.475 0.5015625 0.0203125 0.0203125
1 0.55390625 0.55234375 0.0265625 0.021875
1 0.61015625 0.5890625 0.0234375 0.0234375
1 0.6515625 0.65546875 0.021875 0.021875
1 0.7125 0.6375 0.021875 0.0203125
1 0.71328125 0.546875 0.0234375 0.0234375
1 0.63203125 0.52578125 0.0203125 0.0171875
1 0.565625 0.4734375 0.025 0.021875
1 0.51484375 0.390625 0.021875 0.021875
1 0.396875 0.30703125 0.0234375 0.0203125
1 0.36015625 0.246875 0.01875 0.01875
1 0.51875 0.27578125 0.021875 0.0203125
1 0.6125 0.3984375 0.025 0.025
1 0.659375 0.34609375 0.0265625 0.021875
1 0.7171875 0.44453125 0.0203125 0.0203125
1 0.55703125 0.71171875 0.01875 0.0203125