0 0.475 0.3453125 0.0234375 0.028125
0 0.7328125 0.3609375 0.028125 0.0265625
0 0.259375 0.421875 0.01875 0.025
0 0.34921875 0.359375 0.03125 0.0203125
0 0.59296875 0.34609375 0.0171875 0.0265625
0 0.62265625 0.5265625 0.021875 0.0234375
0 0.29296875 0.5296875 0.0171875 0.025
0 0.79765625 0.4328125 0.0359375 0.021875
0 0.6515625 0.4171875 0.0234375 0.025
0 0.7359375 0.678125 0.025 0.021875
0 0.540625 0.64375 0.028125 0.0203125
0 0.63984375 0.66796875 0.0328125 0.01875
0 0.74921875 0.53125 0.0328125 0.01875
0 0.4390625 0.56328125 0.0171875 0.028125
0 0.35 0.68984375 0.03125 0.015625
0 0.515625 0.44375 0.0171875 0.025
0 0.33515625 0.62109375 0.0171875 0.0265625
0 0.81875 0.58671875 0.0203125 0.025
0 0.41015625 0.46875 0.0296875 0.0140625
0 0.51171875 0.76796875 0.025 0.0234375