1 0.31015625 0.2390625 0.01484375 0.01484375
1 0.334375 0.325 0.01484375 0.01640625
1 0.23203125 0.31796875 0.025 0.00859375
1 0.30546875 0.403125 0.01328125 0.0171875
1 0.19453125 0.4078125 0.01875 0.01328125
1 0.28515625 0.48828125 0.021875 0.01328125
1 0.20546875 0.51171875 0.02109375 0.0109375
1 0.346875 0.5375 0.02265625 0.00625
1 0.30390625 0.58515625 0.01640625 0.0125
1 0.1984375 0.63203125 0.01328125 0.01484375
1 0.39453125 0.5859375 0.01171875 0.0140625
1 0.5171875 0.62421875 0.01484375 0.01328125
1 0.50390625 0.56484375 0.025 0.009375
1 0.43046875 0.5125 0.0125 0.0140625
1 0.4421875 0.4671875 0.01015625 0.0125
1 0.359375 0.46640625 0.01953125 0.01484375
1 0.42421875 0.415625 0.01171875 0.01484375
1 0.4921875 0.403125 0.01484375 0.01640625
1 0.41640625 0.36875 0.01796875 0.0171875
1 0.5546875 0.4421875 0.02578125 0.00703125
1 0.57890625 0.48828125 0.02109375 0.0140625
1 0.6578125 0.45 0.01953125 0.015625
1 0.76015625 0.4453125 0.01875 0.01484375
1 0.63828125 0.56015625 0.02109375 0.0125
1 0.72109375 0.58046875 0.021875 0.0125
1 0.6625 0.634375 0.021875 0.00859375
1 0.5703125 0.70078125 0.01484375 0.015625
1 0.41640625 0.68203125 0.02109375 0.0125
1 0.3234375 0.69609375 0.0171875 0.0171875
1 0.59765625 0.32578125 0.01171875 0.01796875
1 0.4296875 0.28359375 0.02265625 0.0109375
1 0.55859375 0.26796875 0.015625 0.01484375