0 0.52734375 0.49296875 0.03125 0.0234375
0 0.8140625 0.48359375 0.03125 0.0265625
0 0.41484375 0.653125 0.021875 0.025
0 0.5265625 0.62578125 0.021875 0.0234375
0 0.40859375 0.57734375 0.028125 0.0234375
0 0.3296875 0.51875 0.0296875 0.0265625
0 0.4515625 0.5265625 0.0296875 0.01875
0 0.64609375 0.40078125 0.0328125 0.01875
0 0.68984375 0.5109375 0.025 0.0265625
0 0.5984375 0.55234375 0.028125 0.0265625
0 0.52734375 0.72890625 0.0265625 0.025
0 0.4578125 0.42265625 0.028125 0.028125
0 0.54921875 0.384375 0.0328125 0.0203125
0 0.5859375 0.28203125 0.025 0.0265625
0 0.8453125 0.54296875 0.03125 0.01875
0 0.6015625 0.46953125 0.03125 0.01875
0 0.5109375 0.2953125 0.0328125 0.028125
0 0.38125 0.3640625 0.0203125 0.028125
0 0.7234375 0.5953125 0.025 0.025
0 0.7359375 0.2796875 0.01875 0.025
0 0.75859375 0.39296875 0.034375 0.021875
0 0.62421875 0.63984375 0.028125 0.01875
0 0.3875 0.715625 0.025 0.01875
0 0.37890625 0.46328125 0.0328125 0.01875