0 0.6375 0.16640625 0.02890625 0.01015625
0 0.7109375 0.2375 0.0328125 0.0125
0 0.74453125 0.3515625 0.02109375 0.02109375
0 0.7625 0.45 0.02421875 0.0140625
0 0.89453125 0.46484375 0.01796875 0.01796875
0 0.740625 0.58515625 0.0140625 0.02265625
0 0.6203125 0.63125 0.01328125 0.0234375
0 0.6015625 0.54921875 0.015625 0.02421875
0 0.63515625 0.47109375 0.02265625 0.01484375
0 0.6015625 0.37890625 0.03046875 0.0078125
0 0.590625 0.240625 0.025 0.01875
0 0.59296875 0.31484375 0.02109375 0.01953125
0 0.50078125 0.278125 0.03203125 0.00859375
0 0.3828125 0.27421875 0.01328125 0.02421875
0 0.47109375 0.3515625 0.025 0.015625
0 0.42734375 0.4328125 0.02578125 0.01484375
0 0.3515625 0.453125 0.0125 0.02578125
0 0.28359375 0.41015625 0.03046875 0.0140625
0 0.5421875 0.44765625 0.01640625 0.02421875
0 0.51484375 0.50234375 0.03515625 0.01171875
0 0.403125 0.51328125 0.021875 0.0234375
0 0.48359375 0.56640625 0.03125 0.01796875
0 0.28515625 0.56328125 0.03046875 0.015625
0 0.3546875 0.60703125 0.02890625 0.015625
0 0.4703125 0.65546875 0.025 0.015625
0 0.546875 0.71640625 0.02421875 0.01328125