0 0.2828125 0.728125 0.028125 0.03125
0 0.26484375 0.39140625 0.0234375 0.03125
0 0.43203125 0.8359375 0.0265625 0.0265625
0 0.5 0.71484375 0.025 0.021875
0 0.52265625 0.80078125 0.025 0.0359375
0 0.559375 0.5625 0.025 0.0265625
0 0.50703125 0.48515625 0.0234375 0.025
0 0.56484375 0.31640625 0.025 0.025
0 0.51328125 0.21015625 0.0234375 0.0234375
0 0.4546875 0.31953125 0.025 0.0203125
0 0.6453125 0.571875 0.0265625 0.0234375
0 0.2171875 0.68203125 0.021875 0.025
0 0.34375 0.69921875 0.021875 0.028125
0 0.44609375 0.45078125 0.01875 0.0265625
0 0.41953125 0.546875 0.021875 0.0171875
0 0.25859375 0.834375 0.025 0.028125
0 0.38671875 0.7671875 0.0203125 0.028125
0 0.38125 0.2359375 0.0265625 0.025
0 0.328125 0.55390625 0.0171875 0.0265625
0 0.58359375 0.40390625 0.0203125 0.03125
0 0.35390625 0.3921875 0.025 0.0359375
0 0.7890625 0.5078125 0.0234375 0.028125
0 0.4421875 0.64140625 0.01875 0.03125
0 0.75859375 0.40703125 0.0234375 0.0328125
0 0.73203125 0.62734375 0.0265625 0.03125
0 0.63359375 0.22734375 0.0203125 0.0359375
0 0.58828125 0.6734375 0.0203125 0.03125
0 0.64453125 0.4734375 0.025 0.01875
0 0.75859375 0.26015625 0.01875 0.0328125
0 0.653125 0.74765625 0.0203125 0.03125
0 0.684375 0.3546875 0.01875 0.0328125
0 0.2421875 0.56171875 0.01875 0.03125