0 0.81015625 0.5140625 0.009375 0.0328125
0 0.7171875 0.45625 0.0234375 0.0203125
0 0.68046875 0.5921875 0.0171875 0.0109375
0 0.59765625 0.50390625 0.0203125 0.0109375
0 0.61953125 0.39140625 0.01875 0.0125
0 0.6734375 0.32734375 0.01875 0.01875
0 0.76171875 0.3484375 0.01875 0.025
0 0.57109375 0.28359375 0.0171875 0.0234375
0 0.525 0.38203125 0.021875 0.0140625
0 0.42109375 0.29609375 0.0109375 0.0265625
0 0.3734375 0.4328125 0.0078125 0.034375
0 0.28828125 0.41015625 0.021875 0.0109375
0 0.3484375 0.56953125 0.0140625 0.015625
0 0.43359375 0.47734375 0.0078125 0.03125
0 0.41875 0.590625 0.0109375 0.028125
0 0.409375 0.6890625 0.025 0.0109375
0 0.575 0.80078125 0.009375 0.034375
0 0.5078125 0.71171875 0.0203125 0.01875
0 0.51640625 0.54140625 0.0234375 0.0171875
0 0.60078125 0.62421875 0.0234375 0.0140625
0 0.6953125 0.6890625 0.0203125 0.0203125