0 0.559375 0.70703125 0.0328125 0.034375
0 0.59140625 0.5921875 0.0296875 0.0296875
0 0.77734375 0.4625 0.0234375 0.0234375
0 0.65390625 0.69921875 0.028125 0.0296875
0 0.328125 0.5921875 0.028125 0.0296875
0 0.4875 0.51953125 0.03125 0.03125
0 0.49296875 0.42265625 0.028125 0.0296875
0 0.81953125 0.38125 0.028125 0.0296875
0 0.25078125 0.50859375 0.03125 0.0328125
0 0.76640625 0.3015625 0.028125 0.028125
0 0.565625 0.309375 0.028125 0.0296875
0 0.67890625 0.25 0.0296875 0.0296875
0 0.75546875 0.55234375 0.0328125 0.0328125
0 0.6546875 0.37421875 0.0296875 0.03125
0 0.640625 0.46875 0.0296875 0.03125
0 0.39296875 0.39296875 0.0296875 0.028125
0 0.9859375 0.5078125 0.0265625 0.0265625
0 0.28671875 0.40625 0.0296875 0.0296875
0 0.48671875 0.21796875 0.0328125 0.0328125
0 0.39140625 0.28984375 0.028125 0.028125
0 0.4265625 0.665625 0.0265625 0.025