0 0.5296875 0.41796875 0.025 0.0234375
0 0.4578125 0.74453125 0.0296875 0.0296875
0 0.7453125 0.459375 0.025 0.025
0 0.59296875 0.78125 0.0296875 0.03125
0 0.56875 0.51484375 0.0328125 0.03125
0 0.6671875 0.53828125 0.0265625 0.0265625
0 0.42109375 0.4640625 0.028125 0.028125
0 0.43984375 0.64609375 0.0296875 0.03125
0 0.63125 0.40390625 0.0265625 0.0265625
0 0.54375 0.62421875 0.03125 0.03125
0 0.59765625 0.27578125 0.0328125 0.034375
0 0.7453125 0.61015625 0.0296875 0.03125
0 0.66875 0.70390625 0.028125 0.0296875
0 0.48203125 0.52109375 0.0296875 0.03125
0 0.50390625 0.8 0.021875 0.021875
0 0.3640625 0.61015625 0.0328125 0.0328125
0 0.57578125 0.69140625 0.025 0.0265625
0 0.61640625 0.18046875 0.0265625 0.0265625
0 0.38203125 0.3140625 0.0265625 0.0265625
0 0.634375 0.63125 0.03125 0.03125
0 0.72890625 0.2609375 0.0265625 0.0265625
0 0.49765625 0.2796875 0.0296875 0.03125
0 0.8125 0.34765625 0.0296875 0.0296875
0 0.32421875 0.546875 0.0296875 0.03125
0 0.834375 0.46484375 0.0203125 0.0203125