1 0.2453125 0.34609375 0.01015625 0.025
1 0.28671875 0.43671875 0.0234375 0.015625
1 0.36171875 0.45703125 0.0140625 0.02109375
1 0.28203125 0.55078125 0.0203125 0.01484375
1 0.3078125 0.6203125 0.02109375 0.01875
1 0.190625 0.62265625 0.01875 0.01640625
1 0.31875 0.6953125 0.025 0.015625
1 0.1875 0.48359375 0.02421875 0.0140625
1 0.38359375 0.30859375 0.0140625 0.0203125
1 0.49765625 0.29921875 0.01328125 0.0140625
1 0.453125 0.4328125 0.01875 0.0203125
1 0.48125 0.51875 0.01015625 0.02265625
1 0.40078125 0.56640625 0.02421875 0.015625
1 0.4609375 0.61171875 0.028125 0.01015625
1 0.42734375 0.6875 0.03125 0.0109375
1 0.6953125 0.253125 0.02421875 0.0125
1 0.69375 0.37890625 0.02109375 0.015625
1 0.53125 0.37578125 0.03046875 0.0125
1 0.58203125 0.45546875 0.0328125 0.0078125
1 0.56484375 0.5765625 0.01328125 0.02109375
1 0.55625 0.715625 0.02265625 0.01484375
1 0.57421875 0.66640625 0.03203125 0.01171875
1 0.675 0.64609375 0.025 0.0125
1 0.746875 0.56796875 0.01953125 0.01328125
1 0.65859375 0.53984375 0.025 0.0140625
1 0.6796875 0.465625 0.02890625 0.0109375
1 0.76953125 0.4890625 0.01796875 0.0125