0 0.16328125 0.45703125 0.0265625 0.0296875
0 0.51484375 0.57890625 0.0265625 0.028125
0 0.5921875 0.53671875 0.0234375 0.0265625
0 0.5453125 0.69375 0.025 0.021875
0 0.25 0.421875 0.025 0.025
0 0.79375 0.62734375 0.01875 0.025
0 0.696875 0.5921875 0.021875 0.0328125
0 0.19453125 0.65234375 0.0296875 0.03125
0 0.4390625 0.43828125 0.021875 0.021875
0 0.20703125 0.55 0.0265625 0.0234375
0 0.14765625 0.29140625 0.025 0.0203125
0 0.35390625 0.6 0.0234375 0.0203125
0 0.415625 0.340625 0.028125 0.0265625
0 0.2828125 0.6375 0.0265625 0.028125
0 0.625 0.3 0.0265625 0.0359375
0 0.29296875 0.38515625 0.021875 0.0359375
0 0.678125 0.39296875 0.0265625 0.028125
0 0.43046875 0.56171875 0.0265625 0.034375
0 0.53359375 0.46015625 0.028125 0.0234375
0 0.54375 0.1859375 0.0234375 0.021875
0 0.51171875 0.2890625 0.0203125 0.0328125
0 0.32109375 0.2859375 0.021875 0.03125
0 0.77421875 0.340625 0.021875 0.03125
0 0.1984375 0.34765625 0.0234375 0.034375
0 0.64375 0.225 0.0203125 0.0328125
0 0.390625 0.12421875 0.025 0.025
0 0.715625 0.51953125 0.0203125 0.0328125
0 0.62265625 0.440625 0.0203125 0.0296875
0 0.378125 0.7546875 0.028125 0.0265625
0 0.1203125 0.40234375 0.028125 0.0234375
0 0.29921875 0.76875 0.021875 0.034375
0 0.83046875 0.47890625 0.0265625 0.028125
0 0.365625 0.4765625 0.028125 0.0234375
0 0.3671875 0.25 0.0234375 0.0359375
0 0.27421875 0.15859375 0.0234375 0.034375
0 0.45078125 0.67578125 0.025 0.034375
0 0.2234375 0.2 0.0234375 0.034375
0 0.47578125 0.16328125 0.0234375 0.0375
0 0.41328125 0.9140625 0.028125 0.0265625
0 0.64375 0.7171875 0.0203125 0.0328125
0 0.62734375 0.61015625 0.028125 0.021875
0 0.61640625 0.80703125 0.0171875 0.0296875
0 0.525 0.36796875 0.0203125 0.0328125
0 0.47109375 0.7984375 0.0265625 0.028125
0 0.28984375 0.51953125 0.01875 0.03125