0 0.5828125 0.459375 0.028125 0.01640625
0 0.46015625 0.52109375 0.03203125 0.01328125
0 0.28359375 0.56953125 0.02421875 0.0203125
0 0.59453125 0.33984375 0.025 0.0140625
0 0.38359375 0.47421875 0.02421875 0.01796875
0 0.72109375 0.4015625 0.0234375 0.01953125
0 0.425 0.6109375 0.02734375 0.01484375
0 0.4875 0.71640625 0.0265625 0.01171875
0 0.7078125 0.60703125 0.03125 0.0109375
0 0.7328125 0.48984375 0.0328125 0.0109375
0 0.63125 0.7078125 0.0125 0.02421875
0 0.24296875 0.47421875 0.02734375 0.021875
0 0.3609375 0.6875 0.03203125 0.009375
0 0.45234375 0.403125 0.02734375 0.0140625
0 0.52421875 0.246875 0.03046875 0.01484375
0 0.38828125 0.31328125 0.0296875 0.0109375
0 0.58359375 0.58515625 0.0109375 0.02265625
0 0.7125 0.275 0.0234375 0.01953125
0 0.2984375 0.3640625 0.01171875 0.025
0 0.2625 0.67265625 0.01171875 0.021875