0 0.35078125 0.3015625 0.03359375 0.0125
0 0.3015625 0.365625 0.02265625 0.0171875
0 0.428125 0.40234375 0.03125 0.01328125
0 0.353125 0.47421875 0.03359375 0.01015625
0 0.2390625 0.475 0.025 0.01796875
0 0.21484375 0.59140625 0.02890625 0.01328125
0 0.290625 0.58828125 0.01875 0.0234375
0 0.40703125 0.540625 0.0171875 0.01875
0 0.53125 0.49921875 0.02265625 0.021875
0 0.49609375 0.60078125 0.02421875 0.0171875
0 0.58046875 0.64296875 0.015625 0.01796875
0 0.471875 0.68046875 0.02265625 0.01953125
0 0.321875 0.6734375 0.028125 0.009375
0 0.33203125 0.734375 0.02265625 0.01484375
0 0.515625 0.75703125 0.03125 0.01015625
0 0.56875 0.30859375 0.0375 0.0078125
0 0.63203125 0.42421875 0.03203125 0.01328125
0 0.68671875 0.51640625 0.01484375 0.021875
0 0.675 0.615625 0.02890625 0.0125