1 0.35625 0.7 0.0234375 0.021875
1 0.42890625 0.6703125 0.025 0.0234375
1 0.49609375 0.66640625 0.0234375 0.0234375
1 0.5546875 0.73203125 0.021875 0.021875
1 0.5734375 0.6859375 0.01875 0.0203125
1 0.66015625 0.75703125 0.025 0.0234375
1 0.6578125 0.70078125 0.0234375 0.0203125
1 0.74765625 0.69453125 0.025 0.021875
1 0.62890625 0.63359375 0.0234375 0.021875
1 0.534375 0.61171875 0.0203125 0.01875
1 0.45703125 0.57890625 0.0234375 0.0203125
1 0.44375 0.51640625 0.0234375 0.0203125
1 0.5171875 0.5 0.0171875 0.0171875
1 0.4375 0.459375 0.0265625 0.0234375
1 0.36796875 0.37265625 0.021875 0.0203125
1 0.32578125 0.42890625 0.0203125 0.0203125
1 0.2234375 0.4375 0.025 0.025
1 0.30625 0.51015625 0.0234375 0.0234375
1 0.37578125 0.50703125 0.0203125 0.01875
1 0.54765625 0.571875 0.0265625 0.021875
1 0.39453125 0.5875 0.025 0.0234375
1 0.61484375 0.5546875 0.01875 0.0203125
1 0.7265625 0.5890625 0.0234375 0.0234375
1 0.6859375 0.52265625 0.01875 0.01875
1 0.63125 0.434375 0.021875 0.021875
1 0.54921875 0.38359375 0.021875 0.01875
1 0.5125 0.40703125 0.025 0.0234375
1 0.60078125 0.484375 0.0234375 0.021875
1 0.66953125 0.39921875 0.025 0.0234375
1 0.53359375 0.2984375 0.01875 0.0203125
1 0.4359375 0.27265625 0.0234375 0.0203125
1 0.4015625 0.315625 0.0203125 0.021875
1 0.23359375 0.51640625 0.0234375 0.021875
1 0.29140625 0.60078125 0.025 0.0234375
1 0.4765625 0.76796875 0.0125 0.0109375
1 0.56171875 0.8109375 0.021875 0.021875