0 0.434375 0.56484375 0.028125 0.028125
0 0.31328125 0.41015625 0.0265625 0.025
0 0.29296875 0.5515625 0.025 0.03125
0 0.38046875 0.4296875 0.021875 0.0203125
0 0.58984375 0.37109375 0.0234375 0.034375
0 0.54609375 0.209375 0.025 0.021875
0 0.7328125 0.628125 0.028125 0.01875
0 0.4109375 0.796875 0.028125 0.028125
0 0.5296875 0.49296875 0.0265625 0.025
0 0.465625 0.36328125 0.025 0.0265625
0 0.61015625 0.72734375 0.0203125 0.0328125
0 0.3328125 0.31328125 0.025 0.0328125
0 0.6734375 0.55625 0.0203125 0.03125
0 0.2921875 0.6734375 0.025 0.0265625
0 0.62265625 0.2484375 0.028125 0.01875
0 0.428125 0.3125 0.0265625 0.01875
0 0.42890625 0.65546875 0.025 0.0265625
0 0.62421875 0.4375 0.0234375 0.03125
0 0.40546875 0.48984375 0.0203125 0.0328125
0 0.4859375 0.4421875 0.025 0.0203125
0 0.51796875 0.68671875 0.0265625 0.0234375
0 0.69609375 0.28125 0.025 0.0265625
0 0.571875 0.56796875 0.025 0.0234375
0 0.5296875 0.83984375 0.025 0.01875
0 0.43125 0.2109375 0.01875 0.03125
0 0.7484375 0.38984375 0.028125 0.025