1 0.503125 0.25390625 0.0203125 0.01171875
1 0.46015625 0.31953125 0.01875 0.015625
1 0.4078125 0.36171875 0.0171875 0.01640625
1 0.321875 0.34140625 0.01640625 0.01640625
1 0.3328125 0.38984375 0.01171875 0.01484375
1 0.22109375 0.38125 0.0203125 0.0140625
1 0.25546875 0.4265625 0.02109375 0.01015625
1 0.1859375 0.4828125 0.0234375 0.00859375
1 0.31796875 0.46484375 0.021875 0.0109375
1 0.4078125 0.428125 0.01953125 0.00859375
1 0.48984375 0.4109375 0.02265625 0.009375
1 0.53671875 0.4546875 0.02109375 0.00859375
1 0.4859375 0.51015625 0.0125 0.0125
1 0.57421875 0.49765625 0.021875 0.0140625
1 0.68125 0.52890625 0.01796875 0.0109375
1 0.68359375 0.4578125 0.015625 0.0140625
1 0.7625 0.3921875 0.01796875 0.0171875
1 0.653125 0.38046875 0.01484375 0.0171875
1 0.59765625 0.42265625 0.01953125 0.01015625
1 0.41953125 0.46875 0.02421875 0.009375
1 0.5359375 0.36796875 0.01875 0.01484375
1 0.375 0.52109375 0.01171875 0.01484375
1 0.26328125 0.55703125 0.0171875 0.015625
1 0.334375 0.58828125 0.01328125 0.0140625
1 0.4296875 0.62890625 0.01484375 0.015625
1 0.5265625 0.6234375 0.021875 0.0078125
1 0.54296875 0.58359375 0.02109375 0.0125
1 0.4265625 0.5703125 0.0203125 0.01328125
1 0.41875 0.6796875 0.01875 0.01484375
1 0.58828125 0.684375 0.01171875 0.01484375
1 0.6828125 0.65 0.02265625 0.009375
1 0.68671875 0.59453125 0.01328125 0.01796875
1 0.70859375 0.33359375 0.0203125 0.01171875
1 0.61328125 0.29765625 0.02109375 0.01328125
1 0.365625 0.2671875 0.0109375 0.00703125
1 0.27109375 0.28046875 0.01484375 0.01484375