0 0.45234375 0.24453125 0.01171875 0.02265625
0 0.3765625 0.3 0.03359375 0.01328125
0 0.31484375 0.378125 0.03359375 0.0125
0 0.25390625 0.434375 0.028125 0.0109375
0 0.3375 0.46640625 0.03359375 0.009375
0 0.26328125 0.5359375 0.01328125 0.02578125
0 0.26171875 0.615625 0.034375 0.0140625
0 0.36484375 0.6421875 0.01875 0.0203125
0 0.43984375 0.6984375 0.0234375 0.01953125
0 0.52109375 0.66796875 0.01953125 0.021875
0 0.65078125 0.64921875 0.0296875 0.0171875
0 0.35234375 0.7578125 0.0265625 0.01484375
0 0.50703125 0.78125 0.0265625 0.0140625
0 0.64375 0.740625 0.02890625 0.01796875
0 0.70546875 0.7765625 0.02578125 0.02109375
0 0.7890625 0.7390625 0.01796875 0.02109375
0 0.75859375 0.628125 0.034375 0.0109375
0 0.875 0.634375 0.02109375 0.0203125
0 0.6625 0.5640625 0.02734375 0.0140625
0 0.7703125 0.5640625 0.028125 0.01171875
0 0.73984375 0.47890625 0.02265625 0.01953125
0 0.8421875 0.4875 0.021875 0.0140625
0 0.60859375 0.52109375 0.0234375 0.02109375
0 0.6421875 0.46328125 0.0328125 0.00859375
0 0.51796875 0.50546875 0.01328125 0.02421875
0 0.446875 0.47734375 0.02265625 0.02421875
0 0.45546875 0.5671875 0.0328125 0.00859375
0 0.37890625 0.55625 0.01328125 0.0203125
0 0.5359375 0.60625 0.02734375 0.01171875
0 0.53046875 0.41796875 0.02421875 0.01875
0 0.7609375 0.3953125 0.0328125 0.00859375
0 0.67265625 0.35078125 0.0265625 0.0203125
0 0.92578125 0.47109375 0.01875 0.01796875
0 0.8546875 0.38671875 0.01484375 0.02109375
0 0.8171875 0.3109375 0.01953125 0.01875
0 0.75078125 0.2765625 0.0140625 0.01953125
0 0.6390625 0.26015625 0.0234375 0.01640625
0 0.53984375 0.26640625 0.0140625 0.02109375
0 0.54921875 0.33984375 0.0328125 0.0109375
0 0.4234375 0.38359375 0.025 0.0109375