0 0.2875 0.63359375 0.025 0.02109375
0 0.3578125 0.2921875 0.01484375 0.0203125
0 0.19609375 0.6328125 0.01796875 0.01953125
0 0.60546875 0.7703125 0.0125 0.01796875
0 0.48515625 0.43203125 0.02265625 0.01953125
0 0.8359375 0.546875 0.0296875 0.0125
0 0.7359375 0.38671875 0.02421875 0.0203125
0 0.22265625 0.53125 0.0328125 0.00859375
0 0.6359375 0.58125 0.0296875 0.015625
0 0.2875 0.390625 0.02734375 0.01875
0 0.44921875 0.34609375 0.01640625 0.02265625
0 0.37734375 0.40546875 0.02421875 0.01640625
0 0.8609375 0.46015625 0.028125 0.01484375
0 0.56328125 0.66640625 0.03203125 0.009375
0 0.76484375 0.59453125 0.02578125 0.01328125
0 0.63671875 0.26484375 0.028125 0.0171875
0 0.64140625 0.46484375 0.02578125 0.01875
0 0.32421875 0.490625 0.021875 0.025
0 0.70546875 0.66171875 0.01796875 0.02265625
0 0.49609375 0.58671875 0.028125 0.00859375
0 0.74765625 0.48203125 0.015625 0.0203125
0 0.52578125 0.26484375 0.02890625 0.0109375
0 0.37578125 0.6234375 0.0203125 0.02265625
0 0.28984375 0.7125 0.03203125 0.01015625
0 0.228125 0.453125 0.03203125 0.01171875
0 0.8078125 0.221875 0.021875 0.0140625
0 0.76015625 0.3046875 0.03515625 0.00859375
0 0.8296875 0.6796875 0.02734375 0.015625
0 0.878125 0.36171875 0.02734375 0.0109375
0 0.58671875 0.371875 0.03125 0.01015625
0 0.528125 0.5109375 0.03359375 0.01171875
0 0.44921875 0.703125 0.01484375 0.02109375
0 0.46171875 0.81875 0.01484375 0.02421875
0 0.73359375 0.75 0.03046875 0.009375
0 0.4 0.5234375 0.0296875 0.009375