1 0.3109375 0.328125 0.0265625 0.0265625
1 0.3109375 0.47890625 0.021875 0.034375
1 0.40078125 0.5140625 0.0109375 0.0171875
1 0.3921875 0.378125 0.021875 0.021875
1 0.50078125 0.42890625 0.0234375 0.0265625
1 0.425 0.2546875 0.0234375 0.0265625
1 0.55234375 0.33828125 0.0265625 0.0265625
1 0.55 0.23359375 0.0265625 0.0265625
1 0.653125 0.27734375 0.0265625 0.01875
1 0.740625 0.3546875 0.0203125 0.0140625
1 0.74453125 0.4859375 0.0171875 0.0328125
1 0.7578125 0.60390625 0.025 0.0234375
1 0.67890625 0.515625 0.0203125 0.0171875
1 0.703125 0.71796875 0.021875 0.0296875
1 0.625 0.67265625 0.025 0.0171875
1 0.56171875 0.771875 0.028125 0.0234375
1 0.515625 0.659375 0.0171875 0.0359375
1 0.49453125 0.5421875 0.0265625 0.0234375
1 0.4453125 0.71640625 0.0171875 0.034375
1 0.48984375 0.83203125 0.0265625 0.0265625
1 0.60546875 0.58515625 0.021875 0.0296875
1 0.578125 0.47421875 0.01875 0.0375
1 0.6359375 0.40859375 0.0234375 0.0265625
1 0.33671875 0.66328125 0.01875 0.028125