0 0.4953125 0.65703125 0.01875 0.02421875
0 0.24453125 0.5921875 0.025 0.02109375
0 0.72109375 0.62265625 0.015625 0.02109375
0 0.62109375 0.66640625 0.02890625 0.015625
0 0.3796875 0.63359375 0.0125 0.025
0 0.384375 0.45078125 0.01953125 0.0203125
0 0.70859375 0.51015625 0.01171875 0.0234375
0 0.1953125 0.509375 0.0328125 0.01484375
0 0.33515625 0.55234375 0.0203125 0.02109375
0 0.30234375 0.28046875 0.021875 0.01953125
0 0.4875 0.35078125 0.025 0.01640625
0 0.39453125 0.30859375 0.03125 0.0125
0 0.2609375 0.421875 0.03046875 0.0125
0 0.571875 0.44921875 0.0125 0.0265625
0 0.68359375 0.3421875 0.0296875 0.009375
0 0.47421875 0.55234375 0.01328125 0.0234375
0 0.68515625 0.4125 0.01328125 0.02578125
0 0.20390625 0.35390625 0.0171875 0.02109375
0 0.58203125 0.54765625 0.02890625 0.009375
0 0.53984375 0.23515625 0.02265625 0.0203125