1 0.77421875 0.3734375 0.0328125 0.0328125
1 0.678125 0.396875 0.021875 0.021875
1 0.65859375 0.45625 0.03125 0.03125
1 0.55546875 0.45078125 0.025 0.025
1 0.46171875 0.49453125 0.01875 0.01875
1 0.40234375 0.52734375 0.0328125 0.0328125
1 0.2734375 0.571875 0.025 0.025
1 0.30078125 0.696875 0.015625 0.015625
1 0.4046875 0.65078125 0.0265625 0.0265625
1 0.478125 0.7421875 0.025 0.025
1 0.51640625 0.603125 0.021875 0.021875
1 0.628125 0.56328125 0.0328125 0.0328125
1 0.46484375 0.3828125 0.028125 0.028125
1 0.51953125 0.31171875 0.0296875 0.0296875
1 0.63359375 0.275 0.025 0.025
1 0.78984375 0.52265625 0.021875 0.021875
1 0.72734375 0.6140625 0.028125 0.028125
1 0.67421875 0.69921875 0.021875 0.021875
1 0.59453125 0.759375 0.0171875 0.0171875
1 0.5015625 0.20234375 0.028125 0.028125
1 0.39296875 0.2421875 0.0296875 0.0296875
1 0.35625 0.32890625 0.028125 0.028125
1 0.2859375 0.35546875 0.03125 0.03125
1 0.203125 0.43046875 0.0296875 0.0296875
1 0.25390625 0.2609375 0.03125 0.03125
1 0.384375 0.403125 0.028125 0.028125
1 0.29921875 0.4890625 0.03125 0.03125