0 0.53046875 0.71328125 0.034375 0.0328125
0 0.578125 0.60390625 0.0296875 0.0296875
0 0.7796875 0.5015625 0.0234375 0.0234375
0 0.62421875 0.71875 0.0296875 0.028125
0 0.31640625 0.5671875 0.0296875 0.028125
0 0.48515625 0.5171875 0.03125 0.03125
0 0.50390625 0.421875 0.0296875 0.028125
0 0.8328125 0.4265625 0.0296875 0.028125
0 0.2515625 0.47421875 0.0328125 0.03125
0 0.79140625 0.340625 0.028125 0.028125
0 0.59140625 0.3203125 0.0296875 0.0265625
0 0.71171875 0.27734375 0.0296875 0.0296875
0 0.74609375 0.5875 0.0328125 0.0328125
0 0.67109375 0.39765625 0.03125 0.0296875
0 0.64375 0.4890625 0.03125 0.028125
0 0.40859375 0.37890625 0.028125 0.0296875
0 0.98046875 0.575 0.028125 0.025
0 0.30234375 0.37734375 0.0296875 0.0296875
0 0.5265625 0.21875 0.034375 0.0328125
0 0.421875 0.2765625 0.028125 0.0265625
0 0.40390625 0.65390625 0.025 0.0265625