0 0.53515625 0.859375 0.0296875 0.021875
0 0.43671875 0.83046875 0.034375 0.0265625
0 0.35390625 0.74609375 0.0296875 0.0296875
0 0.29140625 0.6671875 0.028125 0.0234375
0 0.16796875 0.71640625 0.025 0.025
0 0.24765625 0.5375 0.0234375 0.0265625
0 0.33203125 0.440625 0.021875 0.0265625
0 0.3875 0.50390625 0.025 0.0296875
0 0.39453125 0.5890625 0.0265625 0.0234375
0 0.4671875 0.6546875 0.03125 0.021875
0 0.54140625 0.771875 0.03125 0.028125
0 0.5046875 0.70703125 0.028125 0.0265625
0 0.603125 0.69609375 0.03125 0.0234375
0 0.709375 0.64453125 0.0234375 0.028125
0 0.5953125 0.6171875 0.0296875 0.025
0 0.5953125 0.525 0.0296875 0.025
0 0.653125 0.471875 0.0234375 0.028125
0 0.73359375 0.47734375 0.034375 0.0265625
0 0.4875 0.56640625 0.025 0.0296875
0 0.4859375 0.5046875 0.0359375 0.0265625
0 0.5796875 0.44296875 0.0296875 0.03125
0 0.48359375 0.43359375 0.0359375 0.03125
0 0.66015625 0.34296875 0.034375 0.028125
0 0.578125 0.3375 0.0328125 0.0265625
0 0.453125 0.3484375 0.0296875 0.025
0 0.35703125 0.33125 0.028125 0.0234375