1 0.55078125 0.20703125 0.025 0.0234375
1 0.5921875 0.29765625 0.0265625 0.028125
1 0.55859375 0.3671875 0.025 0.025
1 0.68125 0.36875 0.025 0.025
1 0.7171875 0.43359375 0.028125 0.028125
1 0.7953125 0.346875 0.0234375 0.025
1 0.76640625 0.49140625 0.028125 0.0296875
1 0.69296875 0.253125 0.0265625 0.028125
1 0.43203125 0.28671875 0.025 0.0234375
1 0.35 0.36640625 0.01875 0.01875
1 0.4796875 0.4203125 0.028125 0.028125
1 0.5265625 0.4984375 0.0234375 0.021875
1 0.61484375 0.46875 0.028125 0.0296875
1 0.61015625 0.54375 0.025 0.028125
1 0.6890625 0.56796875 0.028125 0.03125
1 0.18515625 0.48515625 0.0265625 0.0265625
1 0.28125 0.56640625 0.0265625 0.0265625
1 0.3859375 0.4421875 0.0296875 0.03125
1 0.4125 0.5328125 0.028125 0.0296875
1 0.515625 0.59921875 0.025 0.0234375
1 0.62578125 0.68359375 0.0265625 0.0265625
1 0.5765625 0.66484375 0.0296875 0.03125
1 0.4953125 0.728125 0.0265625 0.0265625
1 0.3890625 0.73125 0.021875 0.021875
1 0.42578125 0.64609375 0.0265625 0.028125
1 0.35625 0.61328125 0.0265625 0.028125
1 0.31484375 0.69609375 0.021875 0.021875