0 0.41875 0.54375 0.0234375 0.02109375
0 0.53125 0.7046875 0.01875 0.021875
0 0.38984375 0.6828125 0.028125 0.0171875
0 0.53203125 0.63515625 0.01640625 0.01875
0 0.64921875 0.4515625 0.03125 0.01640625
0 0.79140625 0.540625 0.015625 0.02109375
0 0.4453125 0.23984375 0.01171875 0.02421875
0 0.18984375 0.4984375 0.0234375 0.02109375
0 0.515625 0.4734375 0.01875 0.02109375
0 0.62109375 0.57265625 0.021875 0.01953125
0 0.31484375 0.328125 0.0296875 0.0125
0 0.6296875 0.71484375 0.0296875 0.0171875
0 0.496875 0.31796875 0.02734375 0.0125
0 0.2734375 0.64765625 0.02109375 0.01875
0 0.7765625 0.45625 0.0125 0.02421875
0 0.65859375 0.6234375 0.0125 0.0234375
0 0.33046875 0.52265625 0.02109375 0.01953125
0 0.59609375 0.39921875 0.02734375 0.01484375
0 0.48203125 0.59375 0.03203125 0.01171875
0 0.55078125 0.53046875 0.0140625 0.02265625
0 0.3265625 0.428125 0.0171875 0.021875
0 0.76640625 0.3765625 0.02109375 0.01953125
0 0.45625 0.41171875 0.01875 0.0203125
0 0.18359375 0.371875 0.01328125 0.02109375
0 0.75625 0.65 0.0296875 0.0109375
0 0.678125 0.29453125 0.01953125 0.0234375