1 0.3296875 0.22265625 0.03203125 0.0140625
1 0.49296875 0.22265625 0.01328125 0.02421875
1 0.65546875 0.22421875 0.0296875 0.0109375
1 0.6296875 0.2921875 0.03515625 0.009375
1 0.38046875 0.30625 0.01953125 0.025
1 0.22421875 0.32578125 0.01328125 0.0234375
1 0.384375 0.38671875 0.0234375 0.01484375
1 0.51640625 0.36796875 0.03515625 0.00859375
1 0.21484375 0.42265625 0.0203125 0.0234375
1 0.334375 0.4765625 0.02890625 0.01640625
1 0.1890625 0.51015625 0.01484375 0.02109375
1 0.2921875 0.56796875 0.03203125 0.01015625
1 0.4296875 0.50390625 0.02890625 0.01796875
1 0.5421875 0.4421875 0.03203125 0.0125
1 0.58515625 0.5046875 0.03125 0.0140625
1 0.471875 0.58203125 0.02265625 0.02109375
1 0.12890625 0.625 0.01484375 0.0203125
1 0.23203125 0.67734375 0.03515625 0.0109375
1 0.35390625 0.67890625 0.01640625 0.02265625
1 0.503125 0.72734375 0.01875 0.025
1 0.578125 0.65390625 0.02890625 0.0140625
1 0.725 0.66875 0.03203125 0.01171875
1 0.6828125 0.55390625 0.02109375 0.01953125
1 0.8234375 0.53125 0.02578125 0.0171875
1 0.77578125 0.4078125 0.02734375 0.01640625
1 0.26640625 0.8078125 0.01796875 0.0234375