1 0.52578125 0.2421875 0.02734375 0.01875
1 0.36796875 0.2765625 0.021875 0.0234375
1 0.25703125 0.259375 0.03515625 0.009375
1 0.2390625 0.3453125 0.025 0.01953125
1 0.43046875 0.340625 0.0328125 0.00859375
1 0.321875 0.390625 0.03671875 0.00859375
1 0.49921875 0.3828125 0.0234375 0.021875
1 0.54921875 0.325 0.01796875 0.025
1 0.5953125 0.38828125 0.03359375 0.015625
1 0.23671875 0.465625 0.0296875 0.01640625
1 0.32265625 0.46015625 0.034375 0.0109375
1 0.4203125 0.45703125 0.0125 0.0265625
1 0.51015625 0.46796875 0.0171875 0.0234375
1 0.596875 0.50703125 0.0265625 0.01953125
1 0.46171875 0.52265625 0.0375 0.01015625
1 0.3578125 0.53984375 0.03359375 0.01484375
1 0.25859375 0.5515625 0.02734375 0.015625
1 0.3375 0.60078125 0.03359375 0.01640625
1 0.46875 0.6765625 0.021875 0.025
1 0.42734375 0.59765625 0.02109375 0.0140625
1 0.5546875 0.60546875 0.0234375 0.00859375
1 0.5390625 0.55546875 0.0328125 0.0109375
1 0.63984375 0.6359375 0.0234375 0.0109375
1 0.7625 0.58671875 0.02265625 0.02109375
1 0.69375 0.53359375 0.0125 0.028125
1 0.703125 0.4796875 0.0203125 0.02265625
1 0.71875 0.42890625 0.02734375 0.015625
1 0.81953125 0.378125 0.0109375 0.01796875
1 0.68828125 0.29453125 0.02734375 0.015625