1 0.28671875 0.453125 0.0296875 0.03125
1 0.3640625 0.36015625 0.0234375 0.021875
1 0.375 0.49453125 0.028125 0.03125
1 0.47109375 0.49765625 0.028125 0.0296875
1 0.50703125 0.55234375 0.0140625 0.015625
1 0.50703125 0.640625 0.025 0.028125
1 0.6078125 0.58125 0.0265625 0.0296875
1 0.66953125 0.67265625 0.0265625 0.028125
1 0.32421875 0.5625 0.028125 0.03125
1 0.31640625 0.64140625 0.0296875 0.0328125
1 0.36015625 0.69140625 0.0265625 0.028125
1 0.42890625 0.625 0.025 0.028125
1 0.465625 0.75078125 0.0234375 0.025
1 0.56171875 0.7015625 0.028125 0.03125
1 0.40703125 0.28984375 0.021875 0.021875
1 0.45390625 0.40859375 0.028125 0.0265625
1 0.5296875 0.4 0.025 0.0265625
1 0.590625 0.49296875 0.028125 0.0328125
1 0.68828125 0.45078125 0.025 0.0265625
1 0.73046875 0.55546875 0.0296875 0.03125
1 0.7890625 0.446875 0.0296875 0.0296875
1 0.50390625 0.23984375 0.0265625 0.0296875
1 0.6078125 0.3421875 0.0296875 0.0296875
1 0.75703125 0.34296875 0.028125 0.03125
1 0.58125 0.20078125 0.0234375 0.0234375
1 0.67734375 0.2296875 0.0265625 0.0296875