0 0.72109375 0.2890625 0.0328125 0.0234375
0 0.4078125 0.25 0.01875 0.0203125
0 0.5859375 0.34140625 0.021875 0.021875
0 0.4515625 0.3390625 0.0265625 0.021875
0 0.68125 0.44375 0.034375 0.0171875
0 0.6421875 0.5265625 0.021875 0.028125
0 0.321875 0.234375 0.0171875 0.0265625
0 0.30078125 0.57421875 0.01875 0.0265625
0 0.5625 0.684375 0.021875 0.021875
0 0.5171875 0.52578125 0.01875 0.0265625
0 0.8140625 0.41484375 0.0359375 0.0140625
0 0.43125 0.6296875 0.0359375 0.0140625
0 0.31875 0.36953125 0.025 0.021875
0 0.73984375 0.5640625 0.0234375 0.025
0 0.2421875 0.4828125 0.0359375 0.0140625
0 0.54375 0.421875 0.0234375 0.028125
0 0.39921875 0.45625 0.021875 0.028125
0 0.63984375 0.64921875 0.0328125 0.0140625