0 0.53046875 0.30625 0.021875 0.01953125
0 0.4609375 0.41796875 0.02265625 0.015625
0 0.5234375 0.23359375 0.03046875 0.0140625
0 0.415625 0.35390625 0.0203125 0.0203125
0 0.56328125 0.4734375 0.02890625 0.01484375
0 0.40625 0.509375 0.0140625 0.01796875
0 0.603125 0.359375 0.0234375 0.01171875
0 0.55703125 0.6421875 0.0328125 0.01015625
0 0.6859375 0.303125 0.0328125 0.009375
0 0.453125 0.58671875 0.02890625 0.01015625
0 0.3328125 0.596875 0.02734375 0.01171875
0 0.35078125 0.26953125 0.03046875 0.01015625
0 0.35078125 0.45078125 0.025 0.0171875
0 0.39453125 0.66953125 0.0296875 0.01171875
0 0.8296875 0.315625 0.03359375 0.0109375
0 0.70078125 0.2 0.0140625 0.0203125
0 0.7 0.43671875 0.03125 0.009375
0 0.31875 0.346875 0.03046875 0.009375
0 0.25234375 0.56953125 0.02578125 0.0078125
0 0.240625 0.46171875 0.03125 0.01015625
0 0.23125 0.41875 0.02734375 0.0125
0 0.66328125 0.521875 0.0296875 0.00859375
0 0.7078125 0.64921875 0.028125 0.01171875