0 0.4125 0.54453125 0.0171875 0.0203125
0 0.35 0.45625 0.03203125 0.01171875
0 0.54375 0.56484375 0.021875 0.015625
0 0.6515625 0.59375 0.02109375 0.0171875
0 0.246875 0.571875 0.02265625 0.0171875
0 0.60703125 0.67421875 0.03046875 0.01875
0 0.33359375 0.653125 0.0203125 0.01796875
0 0.3765625 0.3453125 0.0265625 0.01953125
0 0.20859375 0.503125 0.0328125 0.0109375
0 0.6765625 0.46796875 0.0125 0.0234375
0 0.22421875 0.4 0.01953125 0.0234375
0 0.4546875 0.4375 0.01328125 0.02421875
0 0.54375 0.45234375 0.01484375 0.02421875
0 0.4640625 0.72421875 0.0359375 0.01171875
0 0.69609375 0.3671875 0.021875 0.025
0 0.45546875 0.26484375 0.01953125 0.0234375
0 0.3390625 0.2359375 0.0203125 0.01796875
0 0.60234375 0.27265625 0.03359375 0.00859375