1 0.28203125 0.5125 0.028125 0.03125
1 0.34375 0.61640625 0.025 0.0203125
1 0.37578125 0.4859375 0.025 0.0328125
1 0.47109375 0.49765625 0.0265625 0.0296875
1 0.51484375 0.45 0.0125 0.0171875
1 0.52890625 0.3625 0.021875 0.0296875
1 0.61953125 0.43671875 0.025 0.03125
1 0.69453125 0.35625 0.025 0.028125
1 0.3359375 0.41015625 0.025 0.03125
1 0.340625 0.33203125 0.0265625 0.0328125
1 0.3921875 0.2890625 0.025 0.028125
1 0.44921875 0.365625 0.0234375 0.028125
1 0.50546875 0.246875 0.0234375 0.0234375
1 0.5921875 0.31015625 0.025 0.03125
1 0.37578125 0.69296875 0.0203125 0.021875
1 0.43984375 0.58359375 0.0265625 0.0265625
1 0.51328125 0.603125 0.021875 0.0265625
1 0.58828125 0.52109375 0.025 0.034375
1 0.678125 0.578125 0.021875 0.0265625
1 0.7359375 0.48125 0.028125 0.03125
1 0.77734375 0.59765625 0.028125 0.0296875
1 0.46328125 0.75703125 0.025 0.03125
1 0.58203125 0.67265625 0.0265625 0.0296875
1 0.72890625 0.6953125 0.025 0.0328125
1 0.53359375 0.80859375 0.021875 0.021875
1 0.6328125 0.79453125 0.0234375 0.03125