1 0.1703125 0.44296875 0.0140625 0.01875
1 0.29375 0.49765625 0.0140625 0.0234375
1 0.26796875 0.3765625 0.015625 0.0140625
1 0.38203125 0.425 0.0171875 0.0234375
1 0.425 0.33515625 0.0140625 0.01875
1 0.5078125 0.39140625 0.0125 0.021875
1 0.57109375 0.2921875 0.0109375 0.025
1 0.63671875 0.3796875 0.015625 0.0140625
1 0.58828125 0.45859375 0.0140625 0.025
1 0.65546875 0.478125 0.0125 0.0203125
1 0.634375 0.56953125 0.009375 0.021875
1 0.53125 0.590625 0.01875 0.0125
1 0.515625 0.5109375 0.0140625 0.0234375
1 0.42890625 0.51484375 0.0109375 0.0234375
1 0.3875 0.58984375 0.009375 0.0203125
1 0.28046875 0.6125 0.0140625 0.015625
1 0.1984375 0.61640625 0.01875 0.015625
1 0.30234375 0.74609375 0.0125 0.021875
1 0.37734375 0.8171875 0.0140625 0.021875
1 0.45625 0.696875 0.015625 0.025
1 0.465625 0.81484375 0.0171875 0.0125
1 0.525 0.73984375 0.015625 0.0171875
1 0.59140625 0.66640625 0.0109375 0.0171875
1 0.6375 0.7578125 0.0171875 0.0140625
1 0.4875 0.23828125 0.01875 0.0140625
1 0.3359375 0.27734375 0.009375 0.01875