1 0.175 0.6859375 0.0234375 0.0140625
1 0.25703125 0.6015625 0.0265625 0.01875
1 0.38984375 0.7140625 0.0296875 0.0109375
1 0.41484375 0.621875 0.0328125 0.0125
1 0.29453125 0.55234375 0.0375 0.009375
1 0.165625 0.503125 0.03125 0.01875
1 0.27734375 0.45390625 0.0203125 0.021875
1 0.3203125 0.41015625 0.021875 0.021875
1 0.17421875 0.378125 0.0203125 0.0171875
1 0.2484375 0.340625 0.0296875 0.0171875
1 0.3734375 0.3140625 0.03125 0.009375
1 0.45546875 0.35625 0.01875 0.021875
1 0.59375 0.325 0.015625 0.025
1 0.54765625 0.4328125 0.0296875 0.009375
1 0.434375 0.459375 0.0171875 0.025
1 0.41640625 0.546875 0.028125 0.01875
1 0.54453125 0.55234375 0.0140625 0.025
1 0.54296875 0.64140625 0.03125 0.015625
1 0.56875 0.7375 0.015625 0.021875
1 0.69921875 0.72109375 0.021875 0.0203125
1 0.6953125 0.63046875 0.028125 0.0125
1 0.71953125 0.55703125 0.021875 0.0234375
1 0.6484375 0.48203125 0.015625 0.021875
1 0.796875 0.47109375 0.0203125 0.021875
1 0.69609375 0.35390625 0.025 0.021875