0 0.50234375 0.18984375 0.0328125 0.0078125
0 0.5546875 0.28515625 0.01875 0.021875
0 0.4171875 0.31484375 0.01015625 0.0171875
0 0.5015625 0.40234375 0.01015625 0.0203125
0 0.61484375 0.3859375 0.0109375 0.01875
0 0.68125 0.3359375 0.0171875 0.0171875
0 0.66484375 0.246875 0.0234375 0.0171875
0 0.71953125 0.440625 0.02265625 0.01484375
0 0.61875 0.48125 0.01171875 0.021875
0 0.69921875 0.58984375 0.0265625 0.009375
0 0.56015625 0.6296875 0.03515625 0.00703125
0 0.57890625 0.71640625 0.01015625 0.02265625
0 0.42265625 0.64765625 0.015625 0.01328125
0 0.51953125 0.5671875 0.03125 0.00703125
0 0.40546875 0.5765625 0.02890625 0.00859375
0 0.30625 0.58046875 0.01015625 0.02421875
0 0.20390625 0.409375 0.034375 0.0078125
0 0.2890625 0.48125 0.0171875 0.01953125
0 0.459375 0.48125 0.015625 0.02265625
0 0.38125 0.39296875 0.01171875 0.0234375
0 0.32109375 0.2953125 0.01796875 0.01953125