0 0.41875 0.4671875 0.01171875 0.021875
0 0.71015625 0.63203125 0.02734375 0.0140625
0 0.30546875 0.65546875 0.015625 0.0203125
0 0.646875 0.75703125 0.03359375 0.01015625
0 0.46484375 0.5609375 0.02109375 0.0234375
0 0.41640625 0.65 0.02265625 0.015625
0 0.52578125 0.4171875 0.021875 0.01796875
0 0.6484375 0.553125 0.028125 0.015625
0 0.340625 0.53359375 0.01171875 0.02578125
0 0.56328125 0.615625 0.02265625 0.02109375
0 0.26796875 0.42265625 0.03359375 0.0125
0 0.41796875 0.75625 0.03046875 0.01171875
0 0.53828125 0.76171875 0.03203125 0.01015625
0 0.52734375 0.50078125 0.03046875 0.0109375
0 0.7203125 0.703125 0.0125 0.01875
0 0.67265625 0.47265625 0.021875 0.025
0 0.59140625 0.684375 0.028125 0.0078125
0 0.18515625 0.37265625 0.02578125 0.0125
0 0.440625 0.2875 0.01640625 0.02109375
0 0.5078125 0.6875 0.0203125 0.0234375
0 0.16875 0.51015625 0.01796875 0.01875
0 0.3375 0.35078125 0.03203125 0.0109375
0 0.17734375 0.63046875 0.01953125 0.0234375
0 0.65234375 0.40078125 0.03125 0.01171875
0 0.25 0.725 0.01328125 0.01640625