0 0.33828125 0.703125 0.021875 0.025
0 0.296875 0.61875 0.0359375 0.0265625
0 0.2796875 0.5203125 0.0359375 0.0265625
0 0.2515625 0.4421875 0.0296875 0.0234375
0 0.340625 0.453125 0.034375 0.025
0 0.3078125 0.35703125 0.0234375 0.028125
0 0.34375 0.2859375 0.0375 0.028125
0 0.44765625 0.3109375 0.0265625 0.0265625
0 0.53984375 0.296875 0.0296875 0.028125
0 0.59765625 0.36171875 0.0265625 0.028125
0 0.703125 0.4390625 0.034375 0.0296875
0 0.490625 0.203125 0.03125 0.0265625
0 0.63828125 0.2546875 0.0296875 0.025
0 0.73984375 0.3546875 0.034375 0.0296875
0 0.8109375 0.35234375 0.0328125 0.03125
0 0.8671875 0.425 0.0265625 0.028125
0 0.78828125 0.50859375 0.0359375 0.0265625
0 0.89453125 0.55703125 0.028125 0.028125
0 0.6734375 0.51953125 0.03125 0.025
0 0.76875 0.5703125 0.03125 0.025
0 0.7015625 0.63125 0.028125 0.0265625
0 0.79609375 0.671875 0.0265625 0.0234375
0 0.60546875 0.53203125 0.03125 0.0296875
0 0.60859375 0.59921875 0.0328125 0.0234375
0 0.51875 0.50390625 0.0234375 0.028125
0 0.4421875 0.4953125 0.03125 0.0328125
0 0.4921875 0.41953125 0.0328125 0.0234375
0 0.41953125 0.39375 0.0203125 0.0234375
0 0.58125 0.4234375 0.03125 0.025
0 0.48828125 0.58671875 0.03125 0.028125
0 0.68125 0.71484375 0.0328125 0.0234375
0 0.58203125 0.7125 0.0328125 0.0296875
0 0.8625 0.72578125 0.025 0.025
0 0.76015625 0.76640625 0.0234375 0.0265625
0 0.69140625 0.815625 0.025 0.025
0 0.61640625 0.81484375 0.021875 0.0234375
0 0.51015625 0.77734375 0.028125 0.025
0 0.42578125 0.725 0.0234375 0.0265625
0 0.46796875 0.66484375 0.034375 0.025
0 0.378125 0.5671875 0.0265625 0.021875