0 0.6015625 0.7296875 0.0328125 0.0328125
0 0.734375 0.40703125 0.025 0.025
0 0.67734375 0.7796875 0.0265625 0.0265625
0 0.26171875 0.66484375 0.0203125 0.021875
0 0.55 0.4515625 0.028125 0.028125
0 0.1953125 0.35078125 0.03125 0.0265625
0 0.36796875 0.27421875 0.0328125 0.03125
0 0.7125 0.68125 0.0328125 0.0265625
0 0.3421875 0.49140625 0.0328125 0.0296875
0 0.7375 0.528125 0.034375 0.03125
0 0.628125 0.40078125 0.025 0.0265625
0 0.6546875 0.48984375 0.0296875 0.0265625
0 0.2234375 0.26484375 0.0328125 0.028125
0 0.3546875 0.60234375 0.03125 0.025
0 0.22734375 0.43046875 0.028125 0.025
0 0.51796875 0.22890625 0.0328125 0.0296875
0 0.40234375 0.39140625 0.03125 0.0296875
0 0.65078125 0.590625 0.0328125 0.0328125
0 0.2390625 0.51953125 0.028125 0.028125
0 0.4546875 0.57421875 0.028125 0.0234375
0 0.3046875 0.346875 0.025 0.025
0 0.61015625 0.290625 0.0296875 0.025
0 0.53359375 0.671875 0.0296875 0.0296875
0 0.55546875 0.79375 0.03125 0.025
0 0.7515625 0.61328125 0.0328125 0.028125
0 0.4 0.09765625 0.0265625 0.0234375
0 0.39375 0.19296875 0.034375 0.0265625
0 0.1265625 0.46484375 0.0328125 0.028125
0 0.2640625 0.17421875 0.0296875 0.025
0 0.5 0.3453125 0.03125 0.025
0 0.4703125 0.49296875 0.0359375 0.0296875
0 0.428125 0.696875 0.025 0.0265625
0 0.353125 0.7859375 0.0265625 0.0296875
0 0.16640625 0.5765625 0.03125 0.025
0 0.56953125 0.575 0.0296875 0.025