0 0.37109375 0.284375 0.0328125 0.03125
0 0.27890625 0.6203125 0.0234375 0.025
0 0.28984375 0.24375 0.025 0.025
0 0.71640625 0.30703125 0.0203125 0.021875
0 0.45625 0.55390625 0.028125 0.0265625
0 0.8203125 0.6109375 0.0328125 0.025
0 0.65859375 0.7078125 0.03125 0.0296875
0 0.2671875 0.34609375 0.0328125 0.0234375
0 0.6578125 0.4890625 0.0328125 0.028125
0 0.2609375 0.50078125 0.0328125 0.0296875
0 0.38515625 0.6140625 0.0234375 0.0265625
0 0.34765625 0.52890625 0.0296875 0.025
0 0.803125 0.69921875 0.0328125 0.0265625
0 0.63203125 0.38046875 0.0328125 0.021875
0 0.77890625 0.5359375 0.028125 0.021875
0 0.51484375 0.771875 0.0328125 0.028125
0 0.61015625 0.5953125 0.03125 0.028125
0 0.3390625 0.42890625 0.03125 0.0328125
0 0.75625 0.44921875 0.0265625 0.028125
0 0.5359375 0.42109375 0.0296875 0.021875
0 0.7125 0.628125 0.0234375 0.025
0 0.41640625 0.72109375 0.0296875 0.021875
0 0.4453125 0.33359375 0.028125 0.028125
0 0.409375 0.215625 0.0328125 0.021875
0 0.23671875 0.41796875 0.0328125 0.025
0 0.64765625 0.8875 0.0265625 0.021875
0 0.64296875 0.7921875 0.034375 0.0234375
0 0.875 0.48984375 0.0328125 0.0265625
0 0.77421875 0.79453125 0.0296875 0.021875
0 0.51875 0.65390625 0.0328125 0.021875
0 0.5296875 0.503125 0.0359375 0.0265625
0 0.546875 0.29609375 0.0234375 0.0265625
0 0.6109375 0.1984375 0.025 0.0296875
0 0.821875 0.38359375 0.0328125 0.021875
0 0.421875 0.43359375 0.03125 0.021875