0 0.246875 0.3453125 0.0265625 0.01875
0 0.4046875 0.47109375 0.03203125 0.0171875
0 0.58359375 0.36875 0.01484375 0.0203125
0 0.2515625 0.61484375 0.03125 0.01328125
0 0.565625 0.51875 0.0296875 0.0171875
0 0.55859375 0.45703125 0.0296875 0.01328125
0 0.4640625 0.40625 0.03125 0.009375
0 0.36796875 0.409375 0.02421875 0.01796875
0 0.7078125 0.3171875 0.015625 0.02265625
0 0.7859375 0.4296875 0.01875 0.01953125
0 0.30703125 0.52578125 0.0203125 0.0234375
0 0.23359375 0.46015625 0.02421875 0.01875
0 0.65703125 0.47578125 0.03046875 0.01484375
0 0.515625 0.3015625 0.0140625 0.02265625
0 0.44296875 0.6828125 0.01953125 0.01796875
0 0.5328125 0.5828125 0.02734375 0.009375
0 0.64921875 0.56328125 0.02265625 0.02109375
0 0.446875 0.53984375 0.0203125 0.0203125
0 0.665625 0.21875 0.0171875 0.015625
0 0.54609375 0.66328125 0.01796875 0.02109375
0 0.69140625 0.396875 0.01484375 0.028125
0 0.38984375 0.31171875 0.025 0.01484375
0 0.6328125 0.65 0.01484375 0.02265625
0 0.75859375 0.5109375 0.01796875 0.02265625
0 0.74609375 0.60390625 0.02421875 0.0171875
0 0.384375 0.60625 0.0140625 0.02265625
0 0.80078125 0.34453125 0.01328125 0.025
0 0.75 0.7015625 0.02734375 0.01328125
0 0.8890625 0.49140625 0.0328125 0.0125
0 0.56328125 0.23828125 0.03125 0.009375
0 0.81796875 0.73515625 0.028125 0.015625
0 0.83046875 0.59921875 0.021875 0.01640625
0 0.41171875 0.2375 0.034375 0.0125
0 0.64921875 0.753125 0.01328125 0.02421875
0 0.525 0.75 0.0171875 0.021875