0 0.50859375 0.671875 0.028125 0.0265625
0 0.60625 0.64921875 0.0265625 0.028125
0 0.3109375 0.4890625 0.0296875 0.028125
0 0.67421875 0.55390625 0.0265625 0.028125
0 0.515625 0.75625 0.0296875 0.0265625
0 0.2890625 0.67890625 0.0296875 0.03125
0 0.21015625 0.55390625 0.028125 0.034375
0 0.615625 0.81640625 0.025 0.0234375
0 0.365625 0.71640625 0.0265625 0.0328125
0 0.75546875 0.3765625 0.021875 0.0203125
0 0.8234375 0.46796875 0.028125 0.0265625
0 0.50703125 0.56640625 0.0265625 0.025
0 0.4203125 0.5328125 0.0296875 0.0265625
0 0.51796875 0.35703125 0.0265625 0.03125
0 0.5890625 0.50078125 0.028125 0.0328125
0 0.6203125 0.3921875 0.025 0.028125
0 0.41171875 0.39296875 0.028125 0.025
0 0.36328125 0.79140625 0.028125 0.0296875
0 0.6328125 0.72265625 0.0265625 0.0328125
0 0.3109375 0.3765625 0.0296875 0.0265625
0 0.725 0.63125 0.025 0.03125
0 0.65703125 0.49375 0.03125 0.0328125
0 0.45703125 0.27421875 0.028125 0.0265625
0 0.45546875 0.8671875 0.0265625 0.03125
0 0.36640625 0.61015625 0.0234375 0.0328125
0 0.61796875 0.28046875 0.0296875 0.034375
0 0.51171875 0.45390625 0.028125 0.0359375