1 0.61328125 0.22421875 0.01640625 0.025
1 0.69296875 0.2921875 0.03203125 0.0203125
1 0.79609375 0.3546875 0.02265625 0.02265625
1 0.72890625 0.43046875 0.03203125 0.0171875
1 0.65234375 0.453125 0.01640625 0.0203125
1 0.734375 0.52890625 0.01640625 0.021875
1 0.64140625 0.57421875 0.0171875 0.01796875
1 0.67734375 0.61171875 0.02421875 0.01640625
1 0.60625 0.6890625 0.03046875 0.02109375
1 0.53359375 0.62890625 0.02734375 0.0171875
1 0.571875 0.57421875 0.01796875 0.00859375
1 0.50703125 0.52265625 0.034375 0.01328125
1 0.575 0.46640625 0.01484375 0.0234375
1 0.60859375 0.359375 0.0125 0.021875
1 0.54140625 0.321875 0.0328125 0.0078125
1 0.4046875 0.2 0.0296875 0.01484375
1 0.41875 0.2796875 0.01796875 0.02421875
1 0.4078125 0.34921875 0.0171875 0.0234375
1 0.3875 0.42734375 0.02421875 0.025
1 0.47265625 0.4546875 0.028125 0.0078125
1 0.39140625 0.509375 0.0390625 0.009375
1 0.45625 0.565625 0.02890625 0.01328125
1 0.4109375 0.6390625 0.02734375 0.0171875
1 0.4546875 0.7015625 0.02890625 0.0203125
1 0.3328125 0.7109375 0.02265625 0.0171875
1 0.28125 0.6390625 0.03046875 0.0171875
1 0.34609375 0.5765625 0.02265625 0.0109375
1 0.28046875 0.46640625 0.025 0.01171875
1 0.31328125 0.4 0.021875 0.0234375
1 0.31015625 0.32734375 0.0265625 0.01640625
1 0.28515625 0.23828125 0.025 0.021875
1 0.215625 0.3875 0.03359375 0.009375
1 0.20078125 0.52421875 0.02890625 0.01953125
1 0.19296875 0.675 0.02265625 0.01953125
1 0.53671875 0.40390625 0.0171875 0.021875