1 0.6796875 0.221875 0.01875 0.015625
1 0.7453125 0.2796875 0.0203125 0.0140625
1 0.7984375 0.390625 0.0203125 0.01484375
1 0.6765625 0.36171875 0.02265625 0.00859375
1 0.5421875 0.340625 0.0234375 0.01171875
1 0.5765625 0.25546875 0.01796875 0.00859375
1 0.45546875 0.2546875 0.02734375 0.00859375
1 0.2671875 0.24375 0.0140625 0.0140625
1 0.378125 0.31171875 0.01875 0.01171875
1 0.3171875 0.38984375 0.02109375 0.01015625
1 0.4296875 0.40859375 0.02421875 0.01171875
1 0.5515625 0.428125 0.021875 0.00859375
1 0.65546875 0.48203125 0.02265625 0.0109375
1 0.76796875 0.4984375 0.025 0.009375
1 0.72109375 0.584375 0.02421875 0.0125
1 0.54296875 0.51640625 0.02265625 0.00625
1 0.44921875 0.50859375 0.02421875 0.0109375
1 0.5234375 0.59140625 0.02109375 0.01328125
1 0.621875 0.6109375 0.01328125 0.01875
1 0.23671875 0.43671875 0.01484375 0.01640625
1 0.31015625 0.5421875 0.01953125 0.01640625
1 0.4046875 0.61640625 0.0125 0.0140625
1 0.2953125 0.63125 0.0265625 0.01015625
1 0.4859375 0.67265625 0.01796875 0.015625
1 0.621875 0.7140625 0.0234375 0.01171875