1 0.33046875 0.653125 0.0171875 0.0171875
1 0.3046875 0.446875 0.0203125 0.0328125
1 0.31875 0.25234375 0.0265625 0.01875
1 0.38828125 0.3375 0.025 0.021875
1 0.43515625 0.3 0.0296875 0.025
1 0.3828125 0.19375 0.028125 0.021875
1 0.38359375 0.46484375 0.0140625 0.0203125
1 0.40390625 0.56015625 0.025 0.025
1 0.4421875 0.653125 0.015625 0.0203125
1 0.50234375 0.77734375 0.0234375 0.034375
1 0.5203125 0.6578125 0.0265625 0.034375
1 0.46796875 0.48671875 0.0234375 0.0328125
1 0.48515625 0.1828125 0.0203125 0.0328125
1 0.515625 0.33046875 0.025 0.0296875
1 0.534375 0.47890625 0.0125 0.0296875
1 0.58359375 0.6125 0.028125 0.025
1 0.6328125 0.71171875 0.015625 0.0203125
1 0.68203125 0.625 0.0125 0.0359375
1 0.63203125 0.525 0.025 0.0265625
1 0.5765625 0.41640625 0.0125 0.0296875
1 0.584375 0.2984375 0.0203125 0.01875
1 0.565625 0.196875 0.025 0.021875
1 0.70859375 0.51953125 0.0265625 0.025
1 0.67890625 0.39765625 0.025 0.028125
1 0.6578125 0.29453125 0.015625 0.0390625