1 0.86171875 0.40390625 0.0265625 0.01875
1 0.7609375 0.4640625 0.0296875 0.025
1 0.66171875 0.321875 0.03125 0.0171875
1 0.6140625 0.4046875 0.034375 0.0203125
1 0.71171875 0.503125 0.0390625 0.01875
1 0.82421875 0.5828125 0.034375 0.025
1 0.703125 0.60234375 0.025 0.0265625
1 0.65 0.63359375 0.0265625 0.0265625
1 0.7828125 0.7015625 0.0234375 0.021875
1 0.7015625 0.71953125 0.0328125 0.0234375
1 0.57421875 0.7125 0.0328125 0.0171875
1 0.50625 0.65078125 0.0234375 0.025
1 0.3640625 0.64453125 0.021875 0.028125
1 0.43671875 0.55234375 0.03125 0.015625
1 0.553125 0.55625 0.0234375 0.028125
1 0.59296875 0.4765625 0.03125 0.025
1 0.4703125 0.4375 0.0203125 0.028125
1 0.4953125 0.35234375 0.034375 0.0234375
1 0.49453125 0.253125 0.0203125 0.025
1 0.36484375 0.23515625 0.0265625 0.025
1 0.3453125 0.3234375 0.0296875 0.01875
1 0.30234375 0.38828125 0.0265625 0.028125
1 0.35234375 0.47890625 0.0203125 0.025
1 0.20546875 0.45078125 0.025 0.0265625
1 0.27265625 0.590625 0.0296875 0.0265625