1 0.31796875 0.27421875 0.021875 0.0203125
1 0.525 0.28984375 0.0296875 0.0140625
1 0.64921875 0.27578125 0.028125 0.0078125
1 0.7765625 0.3796875 0.015625 0.02265625
1 0.66953125 0.36796875 0.0328125 0.01171875
1 0.6796875 0.4640625 0.03515625 0.0109375
1 0.62734375 0.565625 0.03203125 0.0109375
1 0.55546875 0.53125 0.02578125 0.0078125
1 0.55078125 0.42890625 0.0359375 0.00703125
1 0.4015625 0.45 0.03828125 0.0078125
1 0.28671875 0.4640625 0.0328125 0.01015625
1 0.2890625 0.5796875 0.015625 0.01328125
1 0.38046875 0.59765625 0.01640625 0.02578125
1 0.73515625 0.75078125 0.03203125 0.00703125
1 0.71328125 0.653125 0.03125 0.0125
1 0.565625 0.65703125 0.0234375 0.021875
1 0.60234375 0.740625 0.0296875 0.0109375
1 0.4546875 0.79921875 0.03046875 0.01484375
1 0.35078125 0.76171875 0.0265625 0.01171875
1 0.45703125 0.6625 0.0296875 0.0125
1 0.91796875 0.43359375 0.01171875 0.0171875
1 0.7921875 0.4875 0.0328125 0.015625
1 0.83828125 0.584375 0.021875 0.02421875