0 0.21328125 0.63125 0.0265625 0.0203125
0 0.52578125 0.7578125 0.02890625 0.01484375
0 0.16015625 0.4546875 0.021875 0.0203125
0 0.296875 0.43046875 0.01484375 0.0203125
0 0.22265625 0.38046875 0.0328125 0.01484375
0 0.46015625 0.4234375 0.02265625 0.01796875
0 0.51640625 0.4984375 0.0203125 0.0171875
0 0.69453125 0.4984375 0.0203125 0.01796875
0 0.778125 0.58203125 0.01796875 0.01875
0 0.65625 0.6015625 0.0140625 0.021875
0 0.4796875 0.3390625 0.0171875 0.02265625
0 0.2359375 0.7078125 0.02265625 0.01484375
0 0.2609375 0.5828125 0.02578125 0.0140625
0 0.52890625 0.5671875 0.025 0.0109375
0 0.4296875 0.5609375 0.01328125 0.01953125
0 0.10546875 0.61953125 0.0234375 0.01875
0 0.21015625 0.5203125 0.02578125 0.0125
0 0.7109375 0.6984375 0.01875 0.021875
0 0.39296875 0.6453125 0.02578125 0.00859375
0 0.61796875 0.45234375 0.028125 0.0125
0 0.5546875 0.6734375 0.0328125 0.015625
0 0.58671875 0.22421875 0.02578125 0.015625
0 0.34765625 0.50859375 0.0296875 0.009375
0 0.671875 0.2859375 0.0296875 0.0140625
0 0.45546875 0.2390625 0.0265625 0.01875
0 0.8015625 0.4625 0.03359375 0.009375
0 0.36484375 0.36015625 0.02890625 0.01328125
0 0.571875 0.371875 0.0125 0.02109375
0 0.8109375 0.33359375 0.03125 0.00859375
0 0.315625 0.27421875 0.02734375 0.01328125
0 0.69765625 0.37265625 0.03125 0.00859375
0 0.3578125 0.7234375 0.0296875 0.009375