1 0.8046875 0.56640625 0.021875 0.0171875
1 0.72109375 0.55390625 0.025 0.0203125
1 0.75078125 0.71796875 0.0234375 0.03125
1 0.6734375 0.6046875 0.028125 0.0234375
1 0.62109375 0.63671875 0.0203125 0.025
1 0.6421875 0.7765625 0.028125 0.0234375
1 0.56484375 0.69921875 0.021875 0.0359375
1 0.5765625 0.584375 0.0265625 0.0375
1 0.58828125 0.5015625 0.0296875 0.025
1 0.63515625 0.43515625 0.0234375 0.021875
1 0.7125 0.465625 0.025 0.034375
1 0.5109375 0.46796875 0.0296875 0.0203125
1 0.5015625 0.56015625 0.021875 0.0171875
1 0.4609375 0.5046875 0.028125 0.03125
1 0.50859375 0.63046875 0.0234375 0.021875
1 0.42890625 0.56484375 0.0328125 0.034375
1 0.4671875 0.76953125 0.0234375 0.01875
1 0.36875 0.62109375 0.01875 0.03125
1 0.30703125 0.446875 0.0265625 0.0375
1 0.3328125 0.303125 0.028125 0.021875
1 0.40703125 0.4 0.021875 0.0265625
1 0.39765625 0.28046875 0.01875 0.0328125
1 0.47109375 0.3890625 0.028125 0.03125
1 0.4875 0.31484375 0.0203125 0.0359375
1 0.54921875 0.39765625 0.0171875 0.0265625
1 0.5078125 0.22734375 0.021875 0.0203125
1 0.596875 0.33828125 0.0203125 0.0359375
1 0.66640625 0.34296875 0.0296875 0.0390625
1 0.6328125 0.21171875 0.0234375 0.0203125