0 0.4828125 0.54375 0.01953125 0.025
0 0.81171875 0.43203125 0.03046875 0.01484375
0 0.31953125 0.6609375 0.02109375 0.021875
0 0.5375 0.71875 0.0203125 0.01796875
0 0.73671875 0.51796875 0.021875 0.0234375
0 0.60703125 0.3625 0.021875 0.0234375
0 0.73046875 0.70390625 0.0140625 0.0234375
0 0.63046875 0.2671875 0.0265625 0.01875
0 0.38359375 0.65234375 0.0265625 0.01796875
0 0.659375 0.58671875 0.0265625 0.0203125
0 0.4796875 0.4046875 0.0203125 0.0234375
0 0.684375 0.43046875 0.028125 0.01328125
0 0.571875 0.590625 0.0328125 0.009375
0 0.778125 0.3453125 0.0125 0.0234375
0 0.434375 0.7390625 0.02109375 0.02265625
0 0.50390625 0.60078125 0.0328125 0.0125
0 0.39609375 0.48046875 0.03515625 0.00859375
0 0.38515625 0.27734375 0.028125 0.01015625
0 0.20546875 0.615625 0.03359375 0.01171875
0 0.2390625 0.515625 0.01484375 0.0234375
0 0.38046875 0.55625 0.0296875 0.01328125
0 0.628125 0.51484375 0.034375 0.00859375
0 0.53125 0.46640625 0.034375 0.0125
0 0.384375 0.4046875 0.03359375 0.009375
0 0.8453125 0.6046875 0.0203125 0.01953125
0 0.29453125 0.76171875 0.03125 0.0109375
0 0.49921875 0.3109375 0.028125 0.009375
0 0.26171875 0.3734375 0.0140625 0.01953125
0 0.634375 0.70078125 0.03203125 0.00859375