0 0.33046875 0.34296875 0.02109375 0.021875
0 0.821875 0.58046875 0.02578125 0.01796875
0 0.196875 0.50625 0.02109375 0.02109375
0 0.4125 0.5046875 0.0171875 0.0171875
0 0.47421875 0.31953125 0.021875 0.01640625
0 0.596875 0.6015625 0.028125 0.01796875
0 0.4609375 0.43046875 0.0265625 0.0125
0 0.36015625 0.46171875 0.0234375 0.0203125
0 0.4890625 0.20703125 0.03046875 0.0125
0 0.58359375 0.43828125 0.02109375 0.01875
0 0.8515625 0.3421875 0.0125 0.02109375
0 0.19296875 0.5796875 0.0328125 0.01328125
0 0.88984375 0.45625 0.01640625 0.0203125
0 0.759375 0.2640625 0.01484375 0.025
0 0.62890625 0.33203125 0.0328125 0.00859375
0 0.2953125 0.42265625 0.0296875 0.01171875
0 0.7203125 0.43984375 0.03359375 0.009375
0 0.65859375 0.703125 0.01875 0.02265625
0 0.68984375 0.5953125 0.0265625 0.01875
0 0.29296875 0.628125 0.021875 0.0203125
0 0.31015625 0.53984375 0.0296875 0.009375
0 0.3359375 0.2609375 0.0125 0.02578125
0 0.59453125 0.19765625 0.034375 0.0125
0 0.23125 0.30078125 0.03046875 0.01171875
0 0.17890625 0.42265625 0.0328125 0.01015625
0 0.49921875 0.5484375 0.034375 0.0109375
0 0.43984375 0.6484375 0.03515625 0.009375