1 0.171875 0.31953125 0.0234375 0.0140625
1 0.25546875 0.40234375 0.0265625 0.01875
1 0.3859375 0.28828125 0.0296875 0.0109375
1 0.4125 0.3796875 0.0328125 0.01171875
1 0.29375 0.4515625 0.03671875 0.01015625
1 0.165625 0.50234375 0.03046875 0.01796875
1 0.278125 0.55 0.0203125 0.02265625
1 0.321875 0.59296875 0.021875 0.021875
1 0.1765625 0.62734375 0.0203125 0.0171875
1 0.2515625 0.6640625 0.0296875 0.0171875
1 0.3765625 0.68828125 0.03046875 0.009375
1 0.4578125 0.64453125 0.01796875 0.021875
1 0.596875 0.6734375 0.015625 0.025
1 0.5484375 0.56640625 0.0296875 0.00859375
1 0.43515625 0.54140625 0.0171875 0.025
1 0.415625 0.4546875 0.028125 0.01796875
1 0.54375 0.446875 0.0140625 0.025
1 0.540625 0.3578125 0.03046875 0.01640625
1 0.56484375 0.26171875 0.015625 0.021875
1 0.6953125 0.27578125 0.02109375 0.0203125
1 0.69296875 0.36640625 0.028125 0.01171875
1 0.71875 0.4390625 0.02109375 0.0234375
1 0.6484375 0.515625 0.015625 0.02265625
1 0.79765625 0.5234375 0.0203125 0.021875
1 0.6984375 0.64296875 0.02421875 0.021875