1 0.825 0.41953125 0.0140625 0.01875
1 0.70546875 0.48359375 0.0140625 0.0234375
1 0.72265625 0.3609375 0.015625 0.0140625
1 0.6125 0.4171875 0.0171875 0.0234375
1 0.56328125 0.33046875 0.0140625 0.01875
1 0.484375 0.3921875 0.0125 0.021875
1 0.41484375 0.29765625 0.0109375 0.025
1 0.35546875 0.3890625 0.015625 0.0140625
1 0.40859375 0.46484375 0.0140625 0.025
1 0.34296875 0.4890625 0.0125 0.0203125
1 0.3703125 0.57890625 0.009375 0.021875
1 0.475 0.5921875 0.01875 0.0125
1 0.4859375 0.5125 0.0140625 0.0234375
1 0.57265625 0.51015625 0.0109375 0.0234375
1 0.61875 0.58203125 0.009375 0.0203125
1 0.72734375 0.596875 0.0140625 0.015625
1 0.80859375 0.59453125 0.01875 0.015625
1 0.71484375 0.73203125 0.0125 0.021875
1 0.64453125 0.8078125 0.0140625 0.021875
1 0.5578125 0.69375 0.015625 0.025
1 0.55625 0.81171875 0.0171875 0.0125
1 0.4921875 0.74140625 0.015625 0.0171875
1 0.42109375 0.67265625 0.0109375 0.0171875
1 0.38125 0.7671875 0.0171875 0.0140625
1 0.49375 0.23828125 0.01875 0.0140625
1 0.6484375 0.26640625 0.009375 0.01875