1 0.79453125 0.540625 0.0234375 0.025
1 0.70546875 0.58515625 0.028125 0.0265625
1 0.634375 0.55390625 0.025 0.0265625
1 0.6375 0.6765625 0.025 0.025
1 0.5734375 0.7140625 0.028125 0.028125
1 0.66328125 0.78984375 0.025 0.0234375
1 0.51796875 0.765625 0.0296875 0.028125
1 0.753125 0.68359375 0.028125 0.0265625
1 0.7109375 0.42421875 0.0234375 0.025
1 0.628125 0.3453125 0.01875 0.01875
1 0.57890625 0.47734375 0.028125 0.028125
1 0.503125 0.5265625 0.0203125 0.0234375
1 0.53515625 0.6140625 0.0296875 0.028125
1 0.46015625 0.61171875 0.028125 0.025
1 0.43828125 0.69140625 0.03125 0.028125
1 0.50390625 0.18515625 0.0265625 0.025
1 0.42578125 0.28359375 0.0265625 0.0265625
1 0.55390625 0.38359375 0.0328125 0.0296875
1 0.4640625 0.4140625 0.0296875 0.0265625
1 0.4015625 0.51875 0.0234375 0.025
1 0.3203125 0.63203125 0.0265625 0.0265625
1 0.3375 0.5828125 0.0328125 0.0296875
1 0.271875 0.503125 0.0265625 0.025
1 0.265625 0.39765625 0.021875 0.021875
1 0.3515625 0.43125 0.028125 0.0265625
1 0.38203125 0.36015625 0.028125 0.0265625
1 0.29765625 0.321875 0.021875 0.021875