0 0.38203125 0.625 0.0234375 0.0265625
0 0.46640625 0.6796875 0.0265625 0.0234375
0 0.3765625 0.35625 0.0234375 0.028125
0 0.58203125 0.6625 0.0265625 0.0234375
0 0.3265625 0.6890625 0.0234375 0.028125
0 0.225 0.47265625 0.0296875 0.0265625
0 0.26015625 0.32890625 0.034375 0.021875
0 0.353125 0.803125 0.0203125 0.0234375
0 0.25078125 0.55390625 0.03125 0.021875
0 0.76640625 0.59765625 0.0171875 0.021875
0 0.74765625 0.71015625 0.0234375 0.0265625
0 0.45703125 0.55078125 0.0203125 0.025
0 0.42109375 0.465625 0.021875 0.028125
0 0.61484375 0.41328125 0.0296875 0.021875
0 0.5609375 0.56484375 0.03125 0.0234375
0 0.6609375 0.51171875 0.0265625 0.021875
0 0.515625 0.3625 0.0203125 0.028125
0 0.1953125 0.60390625 0.028125 0.0234375
0 0.43203125 0.75 0.03125 0.021875
0 0.4578125 0.278125 0.021875 0.028125
0 0.56171875 0.75234375 0.0296875 0.01875
0 0.61328125 0.60859375 0.0296875 0.028125
0 0.6328125 0.3125 0.0234375 0.0265625
0 0.2046875 0.7234375 0.0296875 0.021875
0 0.328125 0.48046875 0.034375 0.0171875
0 0.73984375 0.4328125 0.03125 0.025
0 0.54140625 0.47578125 0.0359375 0.0203125