1 0.3484375 0.5375 0.01875 0.021875
1 0.321875 0.3453125 0.0171875 0.0234375
1 0.41953125 0.39296875 0.015625 0.0234375
1 0.43203125 0.26015625 0.01875 0.025
1 0.4765625 0.3625 0.0171875 0.0140625
1 0.39296875 0.4609375 0.0171875 0.0265625
1 0.42109375 0.59921875 0.0140625 0.0265625
1 0.48125 0.4828125 0.0171875 0.01875
1 0.4984375 0.575 0.0140625 0.0265625
1 0.51015625 0.64140625 0.01875 0.021875
1 0.48984375 0.7171875 0.01875 0.01875
1 0.54453125 0.74921875 0.015625 0.0203125
1 0.6109375 0.6875 0.021875 0.01875
1 0.571875 0.6140625 0.0125 0.0203125
1 0.5640625 0.5296875 0.0171875 0.0234375
1 0.590625 0.4359375 0.01875 0.01875
1 0.5703125 0.29296875 0.0140625 0.0234375
1 0.58984375 0.225 0.015625 0.015625
1 0.6765625 0.3609375 0.015625 0.0203125
1 0.6515625 0.5125 0.0203125 0.021875
1 0.72109375 0.51171875 0.0140625 0.0265625
1 0.6890625 0.62109375 0.01875 0.0171875
1 0.384375 0.6859375 0.0171875 0.015625