0 0.70390625 0.38359375 0.03125 0.028125
0 0.484375 0.403125 0.028125 0.0265625
0 0.3890625 0.49609375 0.025 0.025
0 0.68671875 0.29296875 0.034375 0.0265625
0 0.45078125 0.56484375 0.03125 0.025
0 0.4828125 0.25859375 0.0296875 0.021875
0 0.553125 0.4921875 0.028125 0.0203125
0 0.24921875 0.5140625 0.0265625 0.0265625
0 0.18828125 0.290625 0.025 0.0265625
0 0.50546875 0.74375 0.01875 0.025
0 0.39296875 0.36875 0.03125 0.025
0 0.58828125 0.3890625 0.034375 0.025
0 0.60546875 0.5828125 0.025 0.028125
0 0.534375 0.64765625 0.021875 0.025
0 0.684375 0.471875 0.021875 0.025
0 0.32734375 0.59453125 0.0328125 0.025
0 0.19140625 0.5890625 0.03125 0.0234375
0 0.28984375 0.2609375 0.0234375 0.021875
0 0.7875 0.50703125 0.0234375 0.0265625
0 0.61015625 0.2125 0.0328125 0.0234375
0 0.38671875 0.69609375 0.0265625 0.0296875
0 0.70390625 0.63125 0.0296875 0.0234375
0 0.56640625 0.29296875 0.034375 0.025
0 0.1875 0.740625 0.0265625 0.021875
0 0.3015625 0.4359375 0.021875 0.0234375