0 0.46640625 0.5328125 0.0296875 0.0265625
0 0.440625 0.18671875 0.0265625 0.034375
0 0.42265625 0.72890625 0.028125 0.028125
0 0.284375 0.55078125 0.025 0.0265625
0 0.390625 0.2890625 0.0296875 0.0296875
0 0.584375 0.34765625 0.0296875 0.0296875
0 0.221875 0.3671875 0.0265625 0.021875
0 0.66328125 0.2890625 0.028125 0.03125
0 0.40546875 0.66640625 0.028125 0.03125
0 0.3578125 0.3875 0.0296875 0.0328125
0 0.5953125 0.48125 0.0296875 0.028125
0 0.4921875 0.303125 0.021875 0.03125
0 0.38828125 0.46953125 0.021875 0.034375
0 0.53359375 0.18359375 0.0265625 0.0203125
0 0.30546875 0.65390625 0.028125 0.028125
0 0.40546875 0.5359375 0.025 0.034375
0 0.55859375 0.58828125 0.021875 0.0359375
0 0.75 0.51875 0.0203125 0.0296875
0 0.50859375 0.81640625 0.025 0.0359375
0 0.5875 0.74609375 0.028125 0.0234375
0 0.4953125 0.63203125 0.0234375 0.0328125
0 0.4359375 0.3875 0.021875 0.0359375
0 0.51875 0.4578125 0.025 0.0359375
0 0.6328125 0.56953125 0.021875 0.0359375
0 0.26875 0.22265625 0.025 0.0265625
0 0.3390625 0.79140625 0.021875 0.0328125
0 0.67421875 0.4265625 0.0203125 0.0296875
0 0.709375 0.66953125 0.0234375 0.0203125
0 0.2625 0.4546875 0.0203125 0.0328125