0 0.29375 0.2625 0.02578125 0.015625
0 0.4796875 0.275 0.0296875 0.01171875
0 0.390625 0.384375 0.028125 0.0078125
0 0.25625 0.39296875 0.02734375 0.009375
0 0.24765625 0.49921875 0.0203125 0.0203125
0 0.40625 0.4875 0.02734375 0.0125
0 0.3390625 0.55625 0.0125 0.02421875
0 0.4484375 0.60390625 0.03359375 0.01015625
0 0.26796875 0.6140625 0.02734375 0.0109375
0 0.446875 0.69921875 0.03515625 0.0109375
0 0.65234375 0.64609375 0.0203125 0.0234375
0 0.690625 0.56875 0.0234375 0.01484375
0 0.5546875 0.496875 0.028125 0.009375
0 0.66328125 0.40078125 0.01484375 0.021875
0 0.540625 0.38203125 0.0125 0.02109375
0 0.70234375 0.48046875 0.03125 0.0109375
0 0.690625 0.31796875 0.0234375 0.0171875