0 0.5390625 0.72734375 0.0296875 0.0296875
0 0.6078125 0.1859375 0.0296875 0.03125
0 0.3296875 0.75078125 0.0296875 0.0296875
0 0.4484375 0.57109375 0.0234375 0.0234375
0 0.6375 0.61953125 0.025 0.0265625
0 0.46796875 0.36328125 0.03125 0.034375
0 0.53671875 0.5703125 0.025 0.0296875
0 0.45625 0.63828125 0.0296875 0.03125
0 0.73984375 0.66875 0.028125 0.0328125
0 0.59765625 0.46328125 0.028125 0.028125
0 0.8234375 0.29140625 0.025 0.021875
0 0.265625 0.7140625 0.028125 0.034375
0 0.74921875 0.196875 0.025 0.0234375
0 0.8390625 0.4109375 0.0296875 0.0265625
0 0.7109375 0.48359375 0.025 0.0328125
0 0.453125 0.7140625 0.0265625 0.03125
0 0.6703125 0.34765625 0.0265625 0.034375
0 0.41640625 0.25625 0.028125 0.028125
0 0.5234375 0.2890625 0.0296875 0.0328125
0 0.2796875 0.60390625 0.0296875 0.0296875
0 0.36328125 0.6375 0.0234375 0.0296875
0 0.6109375 0.76796875 0.028125 0.0234375
0 0.8046875 0.58515625 0.0296875 0.0359375
0 0.52109375 0.83359375 0.028125 0.0328125
0 0.38984375 0.81171875 0.025 0.0328125
0 0.45859375 0.47421875 0.028125 0.034375
0 0.34296875 0.46953125 0.0265625 0.034375