0 0.67109375 0.20703125 0.025 0.01953125
0 0.421875 0.4828125 0.0234375 0.01796875
0 0.43046875 0.5703125 0.021875 0.01640625
0 0.30390625 0.46640625 0.015625 0.0203125
0 0.66953125 0.3 0.01953125 0.01875
0 0.26796875 0.7203125 0.02265625 0.0109375
0 0.33828125 0.6453125 0.03203125 0.0109375
0 0.47890625 0.159375 0.02421875 0.02109375
0 0.58046875 0.46796875 0.0171875 0.01640625
0 0.56875 0.2109375 0.01640625 0.02109375
0 0.8296875 0.25703125 0.0125 0.02265625
0 0.46484375 0.3265625 0.0140625 0.0203125
0 0.6796875 0.484375 0.0203125 0.021875
0 0.45859375 0.24609375 0.02265625 0.01796875
0 0.63515625 0.69296875 0.0328125 0.01484375
0 0.68671875 0.3546875 0.034375 0.009375
0 0.52890625 0.70546875 0.0234375 0.01796875
0 0.4703125 0.41171875 0.03046875 0.015625
0 0.5234375 0.54609375 0.01640625 0.0234375
0 0.771875 0.66328125 0.015625 0.01953125
0 0.68984375 0.59296875 0.03046875 0.00859375
0 0.7671875 0.41875 0.028125 0.0125
0 0.53984375 0.81484375 0.0296875 0.0109375
0 0.7578125 0.28203125 0.03125 0.0125
0 0.696875 0.73984375 0.0328125 0.0078125
0 0.88828125 0.54609375 0.01796875 0.01875
0 0.39765625 0.690625 0.03046875 0.009375
0 0.50703125 0.6359375 0.02890625 0.009375
0 0.31328125 0.28828125 0.01796875 0.02265625
0 0.73828125 0.18828125 0.0140625 0.02421875
0 0.33125 0.21015625 0.0328125 0.009375
0 0.38984375 0.8125 0.021875 0.01875
0 0.57421875 0.3859375 0.0140625 0.02421875
0 0.78203125 0.47578125 0.03359375 0.0109375
0 0.90234375 0.42578125 0.03203125 0.01171875
0 0.35703125 0.3859375 0.03046875 0.0140625
0 0.884375 0.3625 0.03046875 0.01328125
0 0.81953125 0.609375 0.0359375 0.00859375
0 0.15234375 0.25859375 0.01875 0.021875
0 0.24375 0.54765625 0.03203125 0.01015625
0 0.34921875 0.57421875 0.01328125 0.02578125
0 0.171875 0.4875 0.0296875 0.00625
0 0.61171875 0.575 0.03125 0.01015625
0 0.23671875 0.35703125 0.0234375 0.01875
0 0.5640625 0.29921875 0.03125 0.0078125