1 0.28515625 0.36171875 0.02265625 0.02109375
1 0.43046875 0.32265625 0.03046875 0.0140625
1 0.48828125 0.40078125 0.015625 0.0078125
1 0.3546875 0.42734375 0.0171875 0.01875
1 0.43125 0.51953125 0.0234375 0.0171875
1 0.24375 0.49140625 0.02109375 0.01796875
1 0.35703125 0.5921875 0.02109375 0.02265625
1 0.25546875 0.6171875 0.02109375 0.02265625
1 0.32421875 0.70546875 0.01328125 0.0234375
1 0.421875 0.7703125 0.01015625 0.01953125
1 0.55 0.73984375 0.03203125 0.01015625
1 0.6671875 0.721875 0.01953125 0.0203125
1 0.56171875 0.66875 0.0125 0.0171875
1 0.76328125 0.63984375 0.0265625 0.015625
1 0.69921875 0.57578125 0.01171875 0.02265625
1 0.77890625 0.4890625 0.01875 0.0234375
1 0.6578125 0.47421875 0.03359375 0.01015625
1 0.5390625 0.48359375 0.01953125 0.02109375
1 0.6953125 0.39140625 0.0328125 0.009375
1 0.81796875 0.4046875 0.021875 0.021875
1 0.609375 0.5796875 0.0265625 0.015625
1 0.4953125 0.58203125 0.0359375 0.01015625
1 0.446875 0.6546875 0.02265625 0.01953125
1 0.615625 0.3 0.0265625 0.0125