0 0.653125 0.3046875 0.0203125 0.0359375
0 0.578125 0.2734375 0.021875 0.025
0 0.57578125 0.40546875 0.0203125 0.0328125
0 0.48671875 0.3515625 0.0171875 0.0359375
0 0.45625 0.24140625 0.025 0.0296875
0 0.33828125 0.2484375 0.01875 0.0296875
0 0.36015625 0.3203125 0.028125 0.0234375
0 0.43671875 0.42109375 0.021875 0.021875
0 0.50859375 0.5296875 0.0265625 0.0265625
0 0.4015625 0.52265625 0.0234375 0.028125
0 0.3828125 0.61484375 0.021875 0.0203125
0 0.31875 0.51953125 0.0234375 0.0265625
0 0.28671875 0.37265625 0.015625 0.0296875
0 0.23046875 0.3984375 0.0203125 0.025
0 0.25546875 0.58125 0.0171875 0.0328125
0 0.70234375 0.5171875 0.0171875 0.0375
0 0.60703125 0.6078125 0.0203125 0.0328125
0 0.5328125 0.684375 0.025 0.0203125
0 0.43359375 0.69921875 0.01875 0.0296875