0 0.75546875 0.325 0.025 0.03125
0 0.64765625 0.334375 0.028125 0.028125
0 0.7 0.46484375 0.01875 0.0171875
0 0.58046875 0.44375 0.021875 0.01875
0 0.53046875 0.340625 0.021875 0.0203125
0 0.534375 0.2578125 0.0234375 0.0234375
0 0.61796875 0.221875 0.028125 0.0296875
0 0.4265625 0.28515625 0.025 0.0265625
0 0.44921875 0.39140625 0.025 0.021875
0 0.3140625 0.38515625 0.021875 0.0265625
0 0.35859375 0.52265625 0.025 0.03125
0 0.2765625 0.55546875 0.0234375 0.0203125
0 0.42109375 0.646875 0.01875 0.0203125
0 0.43359375 0.52109375 0.0234375 0.0296875
0 0.4890625 0.62109375 0.0234375 0.028125
0 0.54140625 0.70546875 0.0265625 0.021875
0 0.740625 0.69453125 0.025 0.0328125
0 0.63359375 0.6640625 0.025 0.025
0 0.53828125 0.5234375 0.0265625 0.025
0 0.65546875 0.53828125 0.0265625 0.0234375
0 0.76953125 0.53359375 0.0265625 0.0265625