0 0.31484375 0.74296875 0.0296875 0.01953125
0 0.63046875 0.7328125 0.01640625 0.01875
0 0.43984375 0.6703125 0.01953125 0.01953125
0 0.5734375 0.6515625 0.0234375 0.01796875
0 0.3296875 0.58359375 0.0328125 0.01328125
0 0.35546875 0.49609375 0.01953125 0.02421875
0 0.7171875 0.734375 0.0140625 0.02421875
0 0.68515625 0.3953125 0.01640625 0.025
0 0.409375 0.32734375 0.01953125 0.01796875
0 0.47890625 0.47734375 0.015625 0.02421875
0 0.203125 0.63359375 0.03515625 0.01015625
0 0.54765625 0.3609375 0.03515625 0.00859375
0 0.69921875 0.60078125 0.02265625 0.01875
0 0.253125 0.47421875 0.0203125 0.02109375
0 0.75703125 0.4765625 0.03515625 0.01015625
0 0.46875 0.584375 0.0203125 0.025
0 0.60625 0.52734375 0.01875 0.025
0 0.33828125 0.37421875 0.03046875 0.01015625