1 0.7859375 0.58359375 0.0265625 0.01875
1 0.7265625 0.6703125 0.0234375 0.0328125
1 0.67578125 0.77890625 0.0234375 0.0234375
1 0.59296875 0.7203125 0.0203125 0.0328125
1 0.5625 0.646875 0.021875 0.0171875
1 0.49609375 0.7359375 0.0234375 0.0171875
1 0.440625 0.6484375 0.0203125 0.01875
1 0.4078125 0.68828125 0.01875 0.0265625
1 0.3234375 0.62578125 0.025 0.0328125
1 0.375 0.546875 0.0203125 0.0296875
1 0.43359375 0.57890625 0.0109375 0.0203125
1 0.478125 0.509375 0.015625 0.0359375
1 0.54140625 0.57109375 0.025 0.01875
1 0.6515625 0.59296875 0.0234375 0.0140625
1 0.68125 0.52265625 0.0109375 0.0328125
1 0.78828125 0.37421875 0.01875 0.03125
1 0.7109375 0.39609375 0.0265625 0.021875
1 0.640625 0.3921875 0.025 0.0203125
1 0.56015625 0.38046875 0.028125 0.028125
1 0.5421875 0.46796875 0.0109375 0.028125
1 0.4796875 0.39296875 0.0140625 0.0390625
1 0.43046875 0.46328125 0.015625 0.0296875
1 0.35234375 0.42578125 0.0203125 0.0296875
1 0.29453125 0.47578125 0.0234375 0.0296875
1 0.27265625 0.35546875 0.01875 0.0234375
1 0.3390625 0.296875 0.0203125 0.0328125
1 0.4078125 0.3546875 0.0125 0.0234375
1 0.51015625 0.278125 0.015625 0.0265625
1 0.5796875 0.30390625 0.025 0.0234375
1 0.6515625 0.29296875 0.01875 0.028125
1 0.7375 0.25859375 0.025 0.0265625
1 0.58203125 0.20546875 0.0125 0.0359375
1 0.44453125 0.2046875 0.021875 0.0296875
1 0.29375 0.21328125 0.0203125 0.0234375
1 0.59921875 0.5265625 0.0234375 0.01875