0 0.5171875 0.73046875 0.03125 0.03125
0 0.31953125 0.221875 0.03125 0.03125
0 0.72578125 0.70234375 0.03125 0.03125
0 0.5671875 0.55625 0.025 0.025
0 0.39609375 0.64921875 0.0265625 0.0265625
0 0.4984375 0.359375 0.0328125 0.0328125
0 0.48125 0.57734375 0.028125 0.0265625
0 0.57578125 0.6234375 0.03125 0.03125
0 0.3078125 0.721875 0.03125 0.0296875
0 0.396875 0.48828125 0.028125 0.028125
0 0.13515625 0.37578125 0.0234375 0.025
0 0.77890625 0.65078125 0.0328125 0.03125
0 0.18515625 0.26640625 0.025 0.025
0 0.14921875 0.4953125 0.028125 0.0296875
0 0.29140625 0.53515625 0.0296875 0.0296875
0 0.596875 0.69609375 0.0296875 0.0296875
0 0.29765625 0.39375 0.03125 0.0296875
0 0.52265625 0.24296875 0.028125 0.028125
0 0.42578125 0.30078125 0.0328125 0.03125
0 0.7390625 0.54765625 0.0296875 0.0296875
0 0.66640625 0.6 0.028125 0.0265625
0 0.45703125 0.78671875 0.0265625 0.0265625
0 0.225 0.65703125 0.034375 0.0328125
0 0.5609375 0.82890625 0.03125 0.0296875
0 0.68203125 0.77578125 0.0296875 0.0296875
0 0.53359375 0.46484375 0.0328125 0.03125
0 0.6453125 0.4328125 0.03125 0.0296875