0 0.215625 0.3640625 0.0265625 0.0203125
0 0.53046875 0.24296875 0.028125 0.015625
0 0.159375 0.5390625 0.021875 0.0203125
0 0.2953125 0.565625 0.015625 0.0203125
0 0.2203125 0.61484375 0.0328125 0.015625
0 0.45859375 0.57578125 0.021875 0.01875
0 0.51640625 0.5015625 0.0203125 0.0171875
0 0.69453125 0.5046875 0.0203125 0.01875
0 0.7796875 0.42265625 0.01875 0.01875
0 0.6578125 0.4015625 0.0140625 0.021875
0 0.4765625 0.6609375 0.0171875 0.021875
0 0.23984375 0.2875 0.021875 0.015625
0 0.2625 0.41328125 0.025 0.0140625
0 0.5296875 0.43359375 0.025 0.0109375
0 0.43046875 0.4375 0.0125 0.01875
0 0.1078125 0.3734375 0.0234375 0.01875
0 0.2109375 0.475 0.025 0.0125
0 0.7140625 0.30546875 0.01875 0.021875
0 0.3953125 0.353125 0.025 0.009375
0 0.6171875 0.55 0.028125 0.0125
0 0.5578125 0.32734375 0.0328125 0.015625
0 0.58203125 0.77734375 0.025 0.015625
0 0.34765625 0.4890625 0.0296875 0.009375
0 0.66796875 0.7171875 0.0296875 0.0140625
0 0.45078125 0.76015625 0.0265625 0.01875
0 0.80078125 0.54296875 0.034375 0.009375
0 0.3625 0.6375 0.028125 0.0125
0 0.56953125 0.6296875 0.0125 0.021875
0 0.8078125 0.671875 0.03125 0.009375
0 0.31171875 0.72265625 0.028125 0.0125
0 0.6953125 0.63046875 0.03125 0.009375
0 0.36171875 0.27421875 0.0296875 0.009375