1 0.1796875 0.41484375 0.0203125 0.0234375
1 0.21484375 0.33515625 0.0203125 0.0234375
1 0.30390625 0.25 0.021875 0.0234375
1 0.3140625 0.375 0.015625 0.0234375
1 0.33515625 0.509375 0.01875 0.0265625
1 0.24375 0.503125 0.0140625 0.0203125
1 0.28046875 0.61796875 0.0171875 0.0296875
1 0.328125 0.80078125 0.0171875 0.0171875
1 0.35859375 0.67421875 0.0171875 0.021875
1 0.4515625 0.7078125 0.015625 0.0234375
1 0.43515625 0.5953125 0.0203125 0.028125
1 0.415625 0.4734375 0.015625 0.0234375
1 0.43515625 0.3578125 0.0171875 0.0234375
1 0.415625 0.2453125 0.0171875 0.0265625
1 0.51171875 0.26328125 0.0203125 0.028125
1 0.50234375 0.45390625 0.0125 0.0234375
1 0.52421875 0.5453125 0.01875 0.0265625
1 0.5796875 0.44921875 0.01875 0.025
1 0.56796875 0.35 0.021875 0.0171875
1 0.52109375 0.7703125 0.0203125 0.0203125
1 0.5984375 0.6671875 0.0203125 0.0234375
1 0.63984375 0.5546875 0.0171875 0.015625
1 0.68828125 0.65390625 0.0171875 0.028125
1 0.66875 0.46015625 0.0203125 0.0234375
1 0.665625 0.31796875 0.01875 0.0265625