1 0.56796875 0.19921875 0.0328125 0.0234375
1 0.65546875 0.3015625 0.025 0.0203125
1 0.6625 0.40234375 0.0328125 0.021875
1 0.59765625 0.5140625 0.0265625 0.0234375
1 0.7171875 0.59765625 0.0359375 0.0234375
1 0.61875 0.67265625 0.0296875 0.0203125
1 0.50546875 0.60234375 0.0328125 0.025
1 0.55234375 0.4046875 0.0265625 0.0171875
1 0.475 0.3859375 0.0203125 0.0140625
1 0.446875 0.296875 0.01875 0.0203125
1 0.47578125 0.49140625 0.025 0.0265625
1 0.45234375 0.728125 0.0171875 0.015625
1 0.35234375 0.765625 0.034375 0.0234375
1 0.3390625 0.4078125 0.0359375 0.021875
1 0.22265625 0.46796875 0.01875 0.0171875
1 0.17265625 0.5625 0.0203125 0.025
1 0.2390625 0.634375 0.021875 0.0265625
1 0.121875 0.66640625 0.0359375 0.028125
1 0.24453125 0.36171875 0.0359375 0.025
1 0.38046875 0.475 0.03125 0.028125
1 0.38046875 0.61015625 0.03125 0.0234375
1 0.27890625 0.53203125 0.028125 0.021875
1 0.234375 0.74296875 0.0328125 0.021875