1 0.6859375 0.7328125 0.0296875 0.0265625
1 0.58828125 0.76953125 0.0328125 0.0375
1 0.48359375 0.8296875 0.0296875 0.0296875
1 0.45 0.73359375 0.0296875 0.0359375
1 0.4671875 0.65625 0.025 0.0234375
1 0.3609375 0.690625 0.0265625 0.025
1 0.36640625 0.5875 0.025 0.0234375
1 0.31640625 0.60078125 0.0265625 0.0296875
1 0.2828125 0.5015625 0.034375 0.0375
1 0.37109375 0.4671875 0.028125 0.0328125
1 0.4 0.5265625 0.0171875 0.0203125
1 0.4765625 0.4953125 0.028125 0.0359375
1 0.49296875 0.58203125 0.028125 0.025
1 0.5703125 0.66328125 0.025 0.021875
1 0.6359375 0.62265625 0.0234375 0.0328125
1 0.80859375 0.56171875 0.028125 0.0328125
1 0.73203125 0.5359375 0.03125 0.028125
1 0.6765625 0.4921875 0.028125 0.0265625
1 0.61796875 0.43671875 0.034375 0.034375
1 0.553125 0.4984375 0.0203125 0.028125
1 0.54453125 0.40078125 0.0265625 0.0390625
1 0.4640625 0.4296875 0.025 0.03125
1 0.421875 0.3546875 0.028125 0.0328125
1 0.3453125 0.3625 0.03125 0.034375
1 0.396875 0.2515625 0.025 0.028125
1 0.484375 0.24140625 0.0296875 0.0359375
1 0.5078125 0.328125 0.0203125 0.025
1 0.6359375 0.32421875 0.0234375 0.028125
1 0.678125 0.38515625 0.03125 0.03125
1 0.74296875 0.41796875 0.0265625 0.03125
1 0.8328125 0.4390625 0.03125 0.0328125
1 0.7359375 0.30546875 0.025 0.034375
1 0.62421875 0.2265625 0.0296875 0.034375
1 0.49609375 0.146875 0.0265625 0.028125
1 0.56640625 0.57890625 0.028125 0.025