1 0.6703125 0.321875 0.0234375 0.0234375
1 0.59375 0.340625 0.025 0.0234375
1 0.5265625 0.3359375 0.0234375 0.0234375
1 0.478125 0.2625 0.021875 0.021875
1 0.453125 0.30546875 0.0203125 0.0203125
1 0.37734375 0.22265625 0.025 0.0234375
1 0.37109375 0.2796875 0.021875 0.021875
1 0.28203125 0.2734375 0.0234375 0.0234375
1 0.390625 0.35 0.0234375 0.0234375
1 0.48125 0.384375 0.0203125 0.0203125
1 0.553125 0.428125 0.021875 0.021875
1 0.5578125 0.4921875 0.021875 0.021875
1 0.4828125 0.49765625 0.0171875 0.0171875
1 0.55625 0.54921875 0.025 0.025
1 0.6125 0.64453125 0.021875 0.0203125
1 0.66328125 0.59453125 0.0203125 0.0203125
1 0.765625 0.6 0.025 0.025
1 0.69375 0.5171875 0.0234375 0.0234375
1 0.62421875 0.51015625 0.0203125 0.0203125
1 0.4625 0.42265625 0.025 0.0234375
1 0.61640625 0.428125 0.025 0.0234375
1 0.39453125 0.43046875 0.0203125 0.0203125
1 0.28828125 0.38046875 0.0234375 0.0234375
1 0.31875 0.4515625 0.01875 0.01875
1 0.3609375 0.54609375 0.021875 0.021875
1 0.43515625 0.60859375 0.021875 0.0203125
1 0.47421875 0.590625 0.025 0.0234375
1 0.3984375 0.5015625 0.0234375 0.0234375
1 0.31796875 0.57578125 0.025 0.0234375
1 0.4390625 0.6953125 0.0203125 0.0203125
1 0.53125 0.734375 0.021875 0.021875
1 0.571875 0.69609375 0.021875 0.021875
1 0.76640625 0.5203125 0.0234375 0.0234375
1 0.72109375 0.42890625 0.025 0.0234375
1 0.56015625 0.23828125 0.0125 0.0125
1 0.48203125 0.18359375 0.021875 0.021875