0 0.653125 0.53359375 0.028125 0.025
0 0.6515625 0.27421875 0.0265625 0.0296875
0 0.565625 0.74453125 0.025 0.0203125
0 0.63203125 0.6578125 0.021875 0.03125
0 0.65859375 0.415625 0.0265625 0.01875
0 0.48046875 0.37578125 0.025 0.0234375
0 0.459375 0.7046875 0.025 0.0171875
0 0.5828125 0.20625 0.0234375 0.0359375
0 0.590625 0.35234375 0.0265625 0.025
0 0.33515625 0.25546875 0.0234375 0.025
0 0.35859375 0.4515625 0.021875 0.028125
0 0.33984375 0.3515625 0.0203125 0.0328125
0 0.48203125 0.24921875 0.0203125 0.0328125
0 0.43359375 0.5578125 0.028125 0.01875
0 0.30234375 0.63984375 0.015625 0.03125
0 0.55703125 0.4875 0.025 0.0171875
0 0.3703125 0.65859375 0.0265625 0.01875
0 0.4296875 0.17734375 0.025 0.021875
0 0.5265625 0.59140625 0.015625 0.0296875
0 0.23359375 0.47421875 0.025 0.0265625