1 0.403125 0.70703125 0.0171875 0.0171875
1 0.6078125 0.67109375 0.0328125 0.0203125
1 0.78984375 0.6015625 0.01875 0.0265625
1 0.68828125 0.559375 0.021875 0.025
1 0.71015625 0.50390625 0.025 0.0296875
1 0.82734375 0.52265625 0.021875 0.028125
1 0.5671875 0.60078125 0.0203125 0.0140625
1 0.4703125 0.609375 0.025 0.025
1 0.3703125 0.60078125 0.0203125 0.015625
1 0.234375 0.578125 0.0359375 0.0234375
1 0.34296875 0.5265625 0.034375 0.0265625
1 0.52265625 0.5265625 0.034375 0.0234375
1 0.8078125 0.42109375 0.0328125 0.0203125
1 0.6578125 0.43515625 0.0296875 0.025
1 0.51015625 0.4609375 0.0296875 0.0140625
1 0.3671875 0.453125 0.025 0.028125
1 0.25859375 0.434375 0.0203125 0.015625
1 0.32734375 0.3625 0.0359375 0.0140625
1 0.4375 0.38125 0.0265625 0.025
1 0.55703125 0.40234375 0.0296875 0.0140625
1 0.66796875 0.36015625 0.01875 0.0203125
1 0.77109375 0.3484375 0.021875 0.025
1 0.4203125 0.30625 0.025 0.0265625
1 0.5453125 0.29921875 0.028125 0.025
1 0.65 0.2890625 0.0390625 0.0171875