0 0.69609375 0.49375 0.021875 0.0234375
0 0.5765625 0.5484375 0.01875 0.0234375
0 0.7671875 0.509375 0.0171875 0.0328125
0 0.634375 0.6015625 0.021875 0.021875
0 0.534375 0.440625 0.01875 0.0296875
0 0.47890625 0.5921875 0.0203125 0.015625
0 0.65234375 0.41484375 0.015625 0.025
0 0.365625 0.42578125 0.0140625 0.034375
0 0.71796875 0.3390625 0.0140625 0.034375
0 0.40859375 0.5359375 0.0125 0.0296875
0 0.38359375 0.65390625 0.015625 0.0296875
0 0.7109375 0.6765625 0.0125 0.0328125
0 0.53046875 0.65390625 0.0203125 0.0265625
0 0.31875 0.584375 0.015625 0.03125
0 0.7234375 0.1953125 0.015625 0.0359375
0 0.821875 0.3375 0.021875 0.0171875
0 0.5875 0.309375 0.0125 0.0328125
0 0.6296875 0.6984375 0.0125 0.0328125
0 0.40078125 0.7375 0.0109375 0.025
0 0.50625 0.76171875 0.0125 0.0328125
0 0.54765625 0.7765625 0.015625 0.0296875
0 0.4984375 0.33515625 0.0125 0.03125
0 0.37734375 0.27578125 0.015625 0.0296875