1 0.6046875 0.21640625 0.03359375 0.0125
1 0.553125 0.3015625 0.01171875 0.01796875
1 0.58125 0.35703125 0.02109375 0.02109375
1 0.5046875 0.42578125 0.01171875 0.02109375
1 0.46875 0.5234375 0.015625 0.0109375
1 0.45 0.58828125 0.02734375 0.01796875
1 0.390625 0.7109375 0.01640625 0.01953125
1 0.4984375 0.7796875 0.01328125 0.009375
1 0.5390625 0.67421875 0.0125 0.025
1 0.65625 0.68671875 0.01015625 0.02421875
1 0.584375 0.56171875 0.015625 0.01484375
1 0.63515625 0.45390625 0.0296875 0.015625
1 0.3921875 0.4421875 0.0140625 0.02421875
1 0.38046875 0.353125 0.03515625 0.0078125
1 0.43515625 0.24609375 0.025 0.01015625
1 0.72109375 0.3109375 0.021875 0.00859375
1 0.74140625 0.4203125 0.03359375 0.00703125
1 0.7640625 0.51796875 0.01796875 0.01171875
1 0.75 0.61640625 0.015625 0.00859375
1 0.290625 0.28828125 0.03125 0.00859375
1 0.2421875 0.39375 0.028125 0.0140625
1 0.27734375 0.48046875 0.0171875 0.0234375
1 0.246875 0.54921875 0.02890625 0.01484375
1 0.240625 0.6609375 0.0203125 0.02265625
1 0.15703125 0.5046875 0.028125 0.01484375
1 0.34921875 0.51328125 0.02265625 0.01875
1 0.35 0.634375 0.021875 0.021875