0 0.48359375 0.4765625 0.0265625 0.03125
0 0.2734375 0.28125 0.0296875 0.0328125
0 0.46328125 0.67109375 0.025 0.0234375
0 0.39765625 0.57734375 0.0234375 0.0234375
0 0.51796875 0.61875 0.0265625 0.0296875
0 0.61640625 0.62578125 0.028125 0.03125
0 0.51875 0.55234375 0.021875 0.0296875
0 0.4546875 0.3296875 0.0234375 0.03125
0 0.34921875 0.38359375 0.028125 0.0265625
0 0.39140625 0.47421875 0.028125 0.0296875
0 0.32890625 0.6546875 0.0265625 0.028125
0 0.5828125 0.46953125 0.0296875 0.0296875
0 0.53828125 0.38046875 0.025 0.0328125
0 0.57734375 0.27890625 0.028125 0.0265625
0 0.2109375 0.30546875 0.021875 0.03125
0 0.44375 0.4109375 0.021875 0.03125
0 0.62578125 0.33828125 0.03125 0.034375
0 0.678125 0.475 0.028125 0.0234375
0 0.26953125 0.425 0.0265625 0.0265625
0 0.46640625 0.17890625 0.025 0.021875
0 0.375 0.24921875 0.0265625 0.0328125
0 0.3140625 0.52421875 0.021875 0.028125
0 0.44375 0.73671875 0.021875 0.025
0 0.615625 0.55234375 0.0234375 0.03125