1 0.43125 0.17265625 0.01875 0.0140625
1 0.490625 0.29375 0.0234375 0.01328125
1 0.36875 0.27265625 0.0140625 0.01640625
1 0.42109375 0.384375 0.0234375 0.015625
1 0.3328125 0.43046875 0.01796875 0.0140625
1 0.39140625 0.51171875 0.021875 0.01328125
1 0.29453125 0.578125 0.02421875 0.01015625
1 0.384375 0.640625 0.0140625 0.01484375
1 0.46171875 0.58984375 0.02578125 0.0125
1 0.48359375 0.65625 0.0203125 0.01171875
1 0.57421875 0.63203125 0.021875 0.00859375
1 0.59140625 0.528125 0.01328125 0.01796875
1 0.51171875 0.51484375 0.0234375 0.0125
1 0.5125 0.428125 0.0234375 0.00859375
1 0.5859375 0.384375 0.0203125 0.009375
1 0.6046875 0.2765625 0.015625 0.0140625
1 0.60546875 0.19453125 0.01484375 0.01875
1 0.7390625 0.29375 0.021875 0.01328125
1 0.8125 0.36640625 0.021875 0.0140625
1 0.6953125 0.44921875 0.02421875 0.0140625
1 0.81328125 0.4546875 0.0125 0.0171875
1 0.740625 0.51640625 0.0171875 0.01640625
1 0.66953125 0.58515625 0.0171875 0.0109375
1 0.7625 0.628125 0.0140625 0.0171875
1 0.23828125 0.496875 0.0140625 0.01875
1 0.271875 0.34375 0.01875 0.00859375