1 0.628125 0.3109375 0.01640625 0.01640625
1 0.4203125 0.3140625 0.03046875 0.01640625
1 0.2296875 0.3546875 0.01484375 0.025
1 0.3234375 0.41171875 0.01796875 0.021875
1 0.29296875 0.46328125 0.021875 0.0265625
1 0.18046875 0.4265625 0.01796875 0.02578125
1 0.44921875 0.38984375 0.01796875 0.0109375
1 0.54609375 0.396875 0.02265625 0.021875
1 0.64375 0.42109375 0.01796875 0.0125
1 0.775 0.4640625 0.0328125 0.01875
1 0.659375 0.4984375 0.03203125 0.02109375
1 0.48203125 0.4703125 0.03125 0.01875
1 0.18359375 0.5296875 0.03203125 0.015625
1 0.334375 0.5390625 0.0265625 0.02265625
1 0.48359375 0.53671875 0.028125 0.01015625
1 0.6234375 0.5671875 0.021875 0.02421875
1 0.728125 0.60234375 0.01796875 0.01328125
1 0.64921875 0.6625 0.0359375 0.0078125
1 0.54296875 0.62734375 0.0234375 0.02109375
1 0.428125 0.5875 0.028125 0.009375
1 0.3125 0.61171875 0.01484375 0.01875
1 0.20859375 0.60703125 0.01953125 0.021875
1 0.5484375 0.70390625 0.021875 0.0234375
1 0.4234375 0.69140625 0.02578125 0.02265625
1 0.31875 0.68515625 0.03671875 0.0109375