0 0.35390625 0.409375 0.01875 0.021875
0 0.42109375 0.33515625 0.02109375 0.01875
0 0.41796875 0.67109375 0.01953125 0.0234375
0 0.5375 0.321875 0.02265625 0.01875
0 0.28359375 0.3625 0.0171875 0.02421875
0 0.24140625 0.59765625 0.02421875 0.0203125
0 0.3125 0.72734375 0.03125 0.0140625
0 0.2796875 0.2453125 0.01640625 0.0203125
0 0.2453125 0.5125 0.02734375 0.01640625
0 0.73203125 0.33671875 0.01328125 0.01953125
0 0.68515625 0.2328125 0.0171875 0.0234375
0 0.4453125 0.46171875 0.01640625 0.02265625
0 0.4328125 0.55390625 0.015625 0.025
0 0.63359375 0.55390625 0.0265625 0.01484375
0 0.5421875 0.421875 0.028125 0.0171875
0 0.65234375 0.446875 0.0234375 0.01640625
0 0.55078125 0.62890625 0.0140625 0.02421875
0 0.17890625 0.478125 0.0234375 0.01796875
0 0.36953125 0.27578125 0.028125 0.01640625
0 0.51640625 0.725 0.015625 0.02421875
0 0.49453125 0.23984375 0.02890625 0.0125
0 0.58125 0.365625 0.02578125 0.02109375
0 0.6765625 0.646875 0.01796875 0.02265625
0 0.15703125 0.3609375 0.0265625 0.015625
0 0.3390625 0.56328125 0.0328125 0.009375
0 0.74921875 0.503125 0.02734375 0.01875
0 0.54609375 0.5125 0.03359375 0.01328125