1 0.74765625 0.5625 0.03125 0.03125
1 0.67734375 0.4296875 0.03125 0.0328125
1 0.58046875 0.440625 0.015625 0.0171875
1 0.65234375 0.55703125 0.025 0.025
1 0.5328125 0.56328125 0.028125 0.028125
1 0.68125 0.68125 0.028125 0.028125
1 0.53046875 0.6671875 0.03125 0.03125
1 0.58125 0.75859375 0.03125 0.03125
1 0.46953125 0.76875 0.025 0.025
1 0.35546875 0.74140625 0.0203125 0.0203125
1 0.290625 0.62734375 0.028125 0.0296875
1 0.2234375 0.52890625 0.028125 0.028125
1 0.334375 0.5703125 0.021875 0.0203125
1 0.21796875 0.403125 0.0296875 0.0296875
1 0.30859375 0.40625 0.025 0.0234375
1 0.31796875 0.28828125 0.0296875 0.0296875
1 0.4109375 0.3671875 0.0296875 0.03125
1 0.48515625 0.46015625 0.028125 0.028125
1 0.44609375 0.2828125 0.0296875 0.0296875
1 0.353125 0.20234375 0.03125 0.03125
1 0.3671875 0.47421875 0.0296875 0.0296875
1 0.44296875 0.559375 0.03125 0.0328125
1 0.4234375 0.64453125 0.028125 0.028125
1 0.5671875 0.27890625 0.0265625 0.028125