0 0.52109375 0.50234375 0.021875 0.015625
0 0.5921875 0.46484375 0.0203125 0.025
0 0.6453125 0.703125 0.0125 0.034375
0 0.66796875 0.49609375 0.0265625 0.0171875
0 0.61015625 0.58046875 0.0203125 0.0265625
0 0.3296875 0.6796875 0.0203125 0.0296875
0 0.44921875 0.61875 0.0140625 0.0328125
0 0.5375 0.3671875 0.0140625 0.0296875
0 0.68515625 0.62109375 0.0171875 0.0265625
0 0.28203125 0.4640625 0.0203125 0.028125
0 0.4765625 0.2953125 0.0265625 0.0140625
0 0.3984375 0.36640625 0.0203125 0.0234375
0 0.36875 0.6015625 0.0171875 0.0265625
0 0.6578125 0.38515625 0.021875 0.025
0 0.15546875 0.51484375 0.0234375 0.021875
0 0.31328125 0.3796875 0.0234375 0.0265625
0 0.56875 0.24765625 0.0203125 0.0234375
0 0.47734375 0.709375 0.0171875 0.03125
0 0.55078125 0.61953125 0.0140625 0.0328125
0 0.25234375 0.27734375 0.0203125 0.015625
0 0.40234375 0.19609375 0.0234375 0.0140625
0 0.41171875 0.515625 0.0125 0.0265625
0 0.31640625 0.80546875 0.0125 0.028125
0 0.2375 0.57734375 0.0234375 0.0140625
0 0.44921875 0.82421875 0.0109375 0.03125
0 0.59609375 0.7453125 0.0234375 0.0140625
0 0.20390625 0.69375 0.0171875 0.025