1 0.62734375 0.87109375 0.015625 0.01875
1 0.60390625 0.8265625 0.0328125 0.03125
1 0.62890625 0.76328125 0.0328125 0.03125
1 0.6640625 0.73359375 0.021875 0.0328125
1 0.71484375 0.703125 0.03125 0.028125
1 0.70078125 0.66875 0.025 0.0375
1 0.73515625 0.63125 0.0265625 0.021875
1 0.65703125 0.70625 0.0265625 0.034375
1 0.640625 0.66953125 0.0265625 0.0359375
1 0.6046875 0.715625 0.0265625 0.0234375
1 0.5703125 0.771875 0.025 0.0375
1 0.54765625 0.825 0.028125 0.0265625
1 0.52421875 0.878125 0.0296875 0.03125
1 0.48515625 0.81875 0.0296875 0.025
1 0.4953125 0.76015625 0.0265625 0.021875
1 0.528125 0.73984375 0.0265625 0.0234375
1 0.49921875 0.71640625 0.021875 0.0234375
1 0.50625 0.6703125 0.0296875 0.0296875
1 0.55078125 0.665625 0.0234375 0.034375
1 0.57265625 0.6828125 0.025 0.0359375
1 0.60546875 0.65625 0.0203125 0.01875
1 0.64375 0.62265625 0.0234375 0.0328125
1 0.6828125 0.6109375 0.021875 0.028125
1 0.72109375 0.56328125 0.0296875 0.0328125
1 0.77265625 0.5359375 0.03125 0.0328125
1 0.78828125 0.47578125 0.028125 0.0328125
1 0.84921875 0.4984375 0.025 0.0296875
1 0.73671875 0.484375 0.0328125 0.0296875
1 0.69609375 0.521875 0.01875 0.0203125
1 0.6578125 0.56015625 0.025 0.0265625
1 0.6265625 0.57890625 0.025 0.0359375
1 0.65234375 0.5140625 0.0203125 0.021875
1 0.67734375 0.484375 0.0265625 0.0359375
1 0.709375 0.42421875 0.028125 0.0375
1 0.75234375 0.378125 0.025 0.0375
1 0.790625 0.39921875 0.028125 0.03125
1 0.85 0.4015625 0.021875 0.0328125
1 0.8609375 0.34296875 0.0234375 0.0296875
1 0.7828125 0.321875 0.028125 0.0375
1 0.7171875 0.33359375 0.028125 0.03125
1 0.68125 0.340625 0.015625 0.021875
1 0.67890625 0.39140625 0.0265625 0.025
1 0.63984375 0.3578125 0.021875 0.021875
1 0.63828125 0.40703125 0.028125 0.0328125
1 0.6078125 0.4234375 0.028125 0.021875
1 0.60546875 0.36796875 0.025 0.025
1 0.578125 0.41328125 0.025 0.0359375
1 0.5625 0.3640625 0.0296875 0.025
1 0.5265625 0.3875 0.025 0.0359375
1 0.4953125 0.41328125 0.028125 0.0390625
1 0.46875 0.45078125 0.028125 0.034375
1 0.503125 0.4546875 0.028125 0.0296875
1 0.5578125 0.47734375 0.03125 0.0328125
1 0.5015625 0.5234375 0.021875 0.0328125
1 0.5015625 0.57421875 0.0234375 0.034375
1 0.534375 0.54609375 0.021875 0.0265625
1 0.57265625 0.54921875 0.0234375 0.034375
1 0.5890625 0.5015625 0.0234375 0.034375
1 0.61171875 0.4734375 0.0296875 0.0296875
1 0.61015625 0.5296875 0.028125 0.0359375
1 0.5859375 0.58984375 0.0265625 0.025
1 0.58203125 0.62578125 0.0296875 0.03125
1 0.546875 0.60234375 0.0234375 0.034375
1 0.48515625 0.61875 0.0265625 0.0359375
1 0.44296875 0.65 0.03125 0.028125
1 0.453125 0.61015625 0.0296875 0.0328125
1 0.4578125 0.55625 0.021875 0.028125
1 0.409375 0.59140625 0.03125 0.0328125
1 0.3953125 0.65078125 0.01875 0.0203125
1 0.35390625 0.61484375 0.015625 0.01875
1 0.39609375 0.54765625 0.025 0.0375
1 0.3359375 0.5359375 0.0296875 0.0328125
1 0.30390625 0.48359375 0.0265625 0.0359375
1 0.3640625 0.4421875 0.0265625 0.034375
1 0.42578125 0.49765625 0.0265625 0.0234375
1 0.4328125 0.42109375 0.028125 0.034375
1 0.484375 0.35234375 0.0203125 0.0234375
1 0.5109375 0.2953125 0.0265625 0.025
1 0.553125 0.29296875 0.0296875 0.0375
1 0.59453125 0.334375 0.021875 0.03125
1 0.66171875 0.29609375 0.028125 0.034375
1 0.57578125 0.19609375 0.0234375 0.034375
1 0.3359375 0.3578125 0.0265625 0.0265625
1 0.27421875 0.59609375 0.025 0.0296875
1 0.253125 0.68515625 0.0234375 0.025
1 0.353125 0.7125 0.0234375 0.0203125
1 0.31796875 0.7578125 0.021875 0.0203125
1 0.41328125 0.6921875 0.021875 0.0203125
1 0.4 0.73984375 0.028125 0.0296875
1 0.453125 0.73359375 0.028125 0.03125
1 0.42890625 0.8203125 0.0203125 0.01875
1 0.4484375 0.8890625 0.0296875 0.0296875
1 0.428125 0.23515625 0.01875 0.0203125