1 0.22734375 0.21796875 0.015625 0.009375
1 0.25625 0.259375 0.021875 0.02421875
1 0.32421875 0.265625 0.02109375 0.02421875
1 0.36640625 0.24765625 0.03203125 0.00859375
1 0.41640625 0.21640625 0.01953125 0.025
1 0.440625 0.24453125 0.03671875 0.009375
1 0.48984375 0.23125 0.01328125 0.0234375
1 0.3875 0.26640625 0.0328125 0.0125
1 0.4125 0.29765625 0.034375 0.01171875
1 0.35546875 0.30859375 0.015625 0.02109375
1 0.28984375 0.3140625 0.0375 0.009375
1 0.23203125 0.31015625 0.01875 0.02265625
1 0.17421875 0.30703125 0.02578125 0.0203125
1 0.209375 0.36875 0.01484375 0.02578125
1 0.26640625 0.3859375 0.0140625 0.021875
1 0.29921875 0.36640625 0.01640625 0.021875
1 0.30703125 0.40234375 0.01796875 0.01640625
1 0.35078125 0.4171875 0.021875 0.02265625
1 0.375 0.3796875 0.03515625 0.009375
1 0.3703125 0.35234375 0.03359375 0.0109375
1 0.40859375 0.33515625 0.01328125 0.015625
1 0.45546875 0.31640625 0.0328125 0.009375
1 0.484375 0.28671875 0.02578125 0.01171875
1 0.54375 0.27421875 0.028125 0.01953125
1 0.59140625 0.240625 0.02578125 0.021875
1 0.65234375 0.25390625 0.0296875 0.01640625
1 0.66015625 0.18984375 0.025 0.015625
1 0.62109375 0.29609375 0.01875 0.028125
1 0.56953125 0.315625 0.0171875 0.01171875
1 0.51796875 0.33203125 0.0203125 0.0171875
1 0.4875 0.3515625 0.03515625 0.0109375
1 0.55703125 0.3578125 0.01875 0.01171875
1 0.59453125 0.34921875 0.03515625 0.01171875
1 0.6625 0.34765625 0.0359375 0.0125
1 0.7234375 0.33046875 0.03671875 0.00859375
1 0.721875 0.28671875 0.02421875 0.01875
1 0.746875 0.2328125 0.03203125 0.00859375
1 0.80390625 0.25 0.0265625 0.0125
1 0.7875 0.32890625 0.034375 0.0140625
1 0.746875 0.38203125 0.025 0.01796875
1 0.72421875 0.4109375 0.0203125 0.0078125
1 0.678125 0.38984375 0.0171875 0.02265625
1 0.690625 0.43984375 0.01640625 0.0171875
1 0.6453125 0.41875 0.0296875 0.01484375
1 0.6171875 0.43828125 0.01328125 0.02578125
1 0.665625 0.465625 0.01953125 0.01953125
1 0.6125 0.46953125 0.034375 0.0109375
1 0.64921875 0.50625 0.01484375 0.02421875
1 0.6125 0.52734375 0.0359375 0.009375
1 0.575 0.54375 0.0375 0.0125
1 0.5296875 0.55 0.03125 0.01640625
1 0.54140625 0.51796875 0.0234375 0.01875
1 0.546875 0.45859375 0.02421875 0.02109375
1 0.4796875 0.48828125 0.03046875 0.01015625
1 0.434375 0.46484375 0.03359375 0.00859375
1 0.47421875 0.4484375 0.02421875 0.0109375
1 0.4890625 0.41328125 0.03515625 0.00859375
1 0.5390625 0.4203125 0.03359375 0.00859375
1 0.57421875 0.4125 0.021875 0.02265625
1 0.5234375 0.38828125 0.0328125 0.01640625
1 0.45859375 0.3828125 0.0171875 0.02265625
1 0.425 0.36953125 0.0234375 0.02265625
1 0.43046875 0.41171875 0.03515625 0.009375
1 0.3875 0.459375 0.034375 0.0125
1 0.340625 0.4828125 0.01796875 0.02578125
1 0.38046875 0.49140625 0.0265625 0.0203125
1 0.43046875 0.51171875 0.025 0.0125
1 0.37734375 0.5390625 0.02421875 0.02109375
1 0.31796875 0.525 0.015625 0.01171875
1 0.33125 0.578125 0.01484375 0.009375
1 0.41015625 0.57109375 0.03671875 0.009375
1 0.39375 0.6296875 0.02734375 0.01875
1 0.42578125 0.68203125 0.03515625 0.0125
1 0.48984375 0.64765625 0.0328125 0.01328125
1 0.46875 0.5671875 0.01640625 0.021875
1 0.53984375 0.59609375 0.03046875 0.01484375
1 0.62421875 0.58125 0.01875 0.0140625
1 0.6875 0.58359375 0.0171875 0.02265625
1 0.70859375 0.546875 0.034375 0.01640625
1 0.690625 0.49140625 0.0296875 0.00859375
1 0.7546875 0.4484375 0.03125 0.01484375
1 0.80546875 0.5703125 0.03359375 0.009375
1 0.55234375 0.7109375 0.01953125 0.0203125
1 0.31171875 0.65703125 0.0265625 0.0140625
1 0.22265625 0.6359375 0.0203125 0.01484375
1 0.24375 0.534375 0.0140625 0.01953125
1 0.1875 0.5453125 0.01171875 0.01875
1 0.2890625 0.48984375 0.01328125 0.01796875
1 0.240625 0.48046875 0.0234375 0.0203125
1 0.2703125 0.4359375 0.02421875 0.01875
1 0.18203125 0.41796875 0.01328125 0.01484375
1 0.1296875 0.36953125 0.02109375 0.02265625
1 0.703125 0.684375 0.0171875 0.01328125