1 0.77734375 0.22265625 0.009375 0.015625
1 0.73671875 0.25234375 0.025 0.021875
1 0.73125 0.3203125 0.025 0.021875
1 0.75 0.36171875 0.009375 0.03125
1 0.78203125 0.41171875 0.025 0.01875
1 0.7546875 0.4359375 0.009375 0.0375
1 0.76875 0.48515625 0.0234375 0.0125
1 0.73125 0.38359375 0.0125 0.0328125
1 0.70078125 0.40859375 0.0125 0.034375
1 0.6890625 0.35234375 0.021875 0.015625
1 0.68203125 0.28671875 0.009375 0.0375
1 0.68515625 0.22890625 0.021875 0.01875
1 0.6875 0.17109375 0.0203125 0.025
1 0.62578125 0.20703125 0.025 0.015625
1 0.61015625 0.2640625 0.021875 0.0140625
1 0.6296875 0.296875 0.021875 0.015625
1 0.59453125 0.30546875 0.015625 0.01875
1 0.58046875 0.34921875 0.021875 0.021875
1 0.61796875 0.37265625 0.009375 0.034375
1 0.6453125 0.36796875 0.0109375 0.034375
1 0.66328125 0.40546875 0.015625 0.0125
1 0.6828125 0.45234375 0.009375 0.0328125
1 0.71328125 0.48046875 0.0125 0.025
1 0.7265625 0.53984375 0.01875 0.028125
1 0.7609375 0.58671875 0.021875 0.025
1 0.7484375 0.64765625 0.015625 0.0296875
1 0.81328125 0.6546875 0.015625 0.025
1 0.70625 0.6171875 0.028125 0.01875
1 0.6859375 0.56640625 0.0125 0.0171875
1 0.66796875 0.51484375 0.0171875 0.0203125
1 0.6484375 0.48515625 0.0109375 0.034375
1 0.64296875 0.5546875 0.0125 0.01875
1 0.65234375 0.5921875 0.0125 0.034375
1 0.65546875 0.66015625 0.0125 0.0359375
1 0.6734375 0.7203125 0.009375 0.0375
1 0.7171875 0.71796875 0.01875 0.025
1 0.77109375 0.7421875 0.009375 0.03125
1 0.75546875 0.79921875 0.0125 0.0265625
1 0.67578125 0.784375 0.0140625 0.034375
1 0.621875 0.74453125 0.01875 0.025
1 0.59296875 0.72265625 0.0078125 0.0203125
1 0.61328125 0.6765625 0.021875 0.0171875
1 0.56328125 0.68984375 0.0171875 0.015625
1 0.58359375 0.64375 0.015625 0.0296875
1 0.5640625 0.61640625 0.025 0.0125
1 0.5375 0.66484375 0.01875 0.01875
1 0.5328125 0.61171875 0.0109375 0.034375
1 0.49609375 0.64921875 0.025 0.015625
1 0.475 0.61328125 0.009375 0.0359375
1 0.4578125 0.57578125 0.0125 0.0375
1 0.45078125 0.53046875 0.015625 0.03125
1 0.4828125 0.54140625 0.01875 0.0234375
1 0.5421875 0.54609375 0.021875 0.025
1 0.51171875 0.4796875 0.009375 0.03125
1 0.534375 0.43359375 0.009375 0.034375
1 0.55078125 0.4734375 0.0109375 0.025
1 0.58671875 0.4875 0.009375 0.034375
1 0.58046875 0.5375 0.009375 0.034375
1 0.5890625 0.57265625 0.021875 0.021875
1 0.6125 0.52109375 0.015625 0.0328125
1 0.61640625 0.45625 0.021875 0.0171875
1 0.62890625 0.42265625 0.021875 0.0234375
1 0.58671875 0.42890625 0.009375 0.034375
1 0.53828125 0.38671875 0.0125 0.034375
1 0.5140625 0.340625 0.025 0.01875
1 0.50625 0.38046875 0.0203125 0.0265625
1 0.48671875 0.43046875 0.0125 0.025
1 0.45859375 0.378125 0.021875 0.025
1 0.471875 0.31875 0.0125 0.015625
1 0.41875 0.3328125 0.009375 0.015625
1 0.42734375 0.41171875 0.009375 0.0375
1 0.36875 0.39609375 0.01875 0.028125
1 0.31640625 0.42890625 0.0125 0.034375
1 0.35234375 0.4921875 0.0125 0.0328125
1 0.43203125 0.4703125 0.021875 0.015625
1 0.4046875 0.54140625 0.015625 0.03125
1 0.42109375 0.62578125 0.0140625 0.01875
1 0.41953125 0.6890625 0.021875 0.0171875
1 0.45703125 0.709375 0.015625 0.034375
1 0.51171875 0.690625 0.009375 0.0296875
1 0.55625 0.75390625 0.015625 0.03125
1 0.43515625 0.80703125 0.009375 0.034375
1 0.28984375 0.55625 0.0203125 0.01875
1 0.33984375 0.31484375 0.0140625 0.0265625
1 0.359375 0.225 0.015625 0.0203125
1 0.4609375 0.24453125 0.01875 0.0140625
1 0.44921875 0.18828125 0.01875 0.0125
1 0.50625 0.2890625 0.01875 0.0125
1 0.51484375 0.240625 0.0203125 0.0234375
1 0.56015625 0.26953125 0.01875 0.025
1 0.5765625 0.18046875 0.015625 0.0125
1 0.62421875 0.12734375 0.021875 0.021875
1 0.31953125 0.70625 0.0125 0.0171875