0 0.5566496259765625 0.1884765625 0.5566496259765625 0.1865234375 0.55144729296875 0.1826171875 0.55144729296875 0.1806640625 0.550146708984375 0.1796875 0.54754554296875 0.1796875 0.5449443759765625 0.177734375 0.5397420439453126 0.177734375 0.5358402939453125 0.1806640625 0.5358402939453125 0.1884765625 0.5384414599609375 0.1904296875 0.5384414599609375 0.1923828125 0.5527478759765625 0.203125 0.560551375 0.203125 0.561851958984375 0.2021484375 0.561851958984375 0.1943359375 0.5592507919921875 0.1923828125 0.5592507919921875 0.1904296875 0.5566496259765625 0.1884765625
0 0.564453125 0.2255859375 0.561851958984375 0.2236328125 0.561851958984375 0.2216796875 0.560551375 0.220703125 0.557950208984375 0.220703125 0.5553490419921875 0.21875 0.5527478759765625 0.21875 0.5488461259765625 0.2216796875 0.5488461259765625 0.2314453125 0.55144729296875 0.2333984375 0.55144729296875 0.2373046875 0.554048458984375 0.2392578125 0.554048458984375 0.2431640625 0.5631525419921874 0.25 0.564453125 0.2490234375 0.567054291015625 0.2470703125 0.567054291015625 0.2294921875 0.564453125 0.2275390625 0.564453125 0.2255859375
0 0.61907762109375 0.2646484375 0.6177770380859375 0.263671875 0.61517587109375 0.263671875 0.612574705078125 0.26171875 0.6099735380859375 0.26171875 0.6073723720703125 0.259765625 0.5865630400390625 0.259765625 0.5839618740234375 0.26171875 0.58136070703125 0.26171875 0.5800601240234375 0.2626953125 0.5800601240234375 0.2685546875 0.5839618740234375 0.271484375 0.5891642060546874 0.271484375 0.591765373046875 0.2734375 0.6021700390625 0.2734375 0.604771205078125 0.275390625 0.6073723720703125 0.275390625 0.608672955078125 0.2744140625 0.6099735380859375 0.2734375 0.61517587109375 0.2734375 0.61907762109375 0.2705078125 0.61907762109375 0.2646484375
0 0.7699452763671875 0.3154296875 0.7673441103515625 0.3134765625 0.7673441103515625 0.3095703125 0.764742943359375 0.3076171875 0.764742943359375 0.3056640625 0.76214177734375 0.3037109375 0.76214177734375 0.3017578125 0.760841193359375 0.30078125 0.755638861328125 0.30078125 0.751737111328125 0.3037109375 0.751737111328125 0.3076171875 0.7491359443359376 0.3095703125 0.7491359443359376 0.3173828125 0.751737111328125 0.3193359375 0.751737111328125 0.3232421875 0.7569394443359375 0.3271484375 0.7569394443359375 0.3291015625 0.760841193359375 0.33203125 0.768644693359375 0.33203125 0.7699452763671875 0.3310546875 0.772546443359375 0.3291015625 0.772546443359375 0.3212890625 0.7699452763671875 0.3193359375 0.7699452763671875 0.3154296875
0 0.5228344609375 0.2119140625 0.520233294921875 0.2099609375 0.520233294921875 0.2080078125 0.516331544921875 0.205078125 0.5111292119140625 0.205078125 0.507227462890625 0.2080078125 0.507227462890625 0.2119140625 0.5046262958984375 0.2138671875 0.5046262958984375 0.2373046875 0.5085280458984375 0.240234375 0.51373037890625 0.240234375 0.5150309619140625 0.2392578125 0.520233294921875 0.2353515625 0.520233294921875 0.2314453125 0.5228344609375 0.2294921875 0.5228344609375 0.2119140625
0 0.5215338779296875 0.29296875 0.524135044921875 0.291015625 0.5267362109375 0.291015625 0.5358402939453125 0.2841796875 0.5358402939453125 0.2802734375 0.5319385439453125 0.27734375 0.5215338779296875 0.27734375 0.5189327119140625 0.279296875 0.516331544921875 0.279296875 0.51373037890625 0.28125 0.5111292119140625 0.28125 0.5085280458984375 0.283203125 0.50592687890625 0.283203125 0.5007245458984375 0.287109375 0.4981233798828125 0.287109375 0.496822796875 0.2880859375 0.496822796875 0.2900390625 0.4942216298828125 0.2919921875 0.4942216298828125 0.2939453125 0.4981233798828125 0.296875 0.5085280458984375 0.296875 0.50982862890625 0.2958984375 0.5111292119140625 0.294921875 0.516331544921875 0.294921875 0.5189327119140625 0.29296875 0.5215338779296875 0.29296875
0 0.587863623046875 0.3310546875 0.5904647900390625 0.3291015625 0.5904647900390625 0.3212890625 0.5930659560546875 0.3193359375 0.5930659560546875 0.3154296875 0.5891642060546874 0.3125 0.5839618740234375 0.3125 0.574857791015625 0.3193359375 0.574857791015625 0.3232421875 0.5722566240234375 0.3251953125 0.5722566240234375 0.3408203125 0.5735572080078125 0.341796875 0.58136070703125 0.341796875 0.5826612900390625 0.3408203125 0.58526245703125 0.3388671875 0.58526245703125 0.3369140625 0.587863623046875 0.3349609375 0.587863623046875 0.3310546875
0 0.6880085322265626 0.37890625 0.6854073662109375 0.376953125 0.68280619921875 0.376953125 0.680205033203125 0.37890625 0.6776038662109375 0.37890625 0.676303283203125 0.3798828125 0.676303283203125 0.3837890625 0.6789044501953125 0.3857421875 0.6789044501953125 0.3876953125 0.6984131982421875 0.40234375 0.701014365234375 0.40234375 0.70361553125 0.404296875 0.7049161142578125 0.4033203125 0.710118447265625 0.4013671875 0.710118447265625 0.3935546875 0.69060969921875 0.37890625 0.6880085322265626 0.37890625
0 0.6619968681640624 0.412109375 0.6645980341796875 0.41015625 0.667199201171875 0.41015625 0.6684997841796875 0.4091796875 0.6684997841796875 0.4072265625 0.659395701171875 0.400390625 0.64899103515625 0.400390625 0.646389869140625 0.40234375 0.635985203125 0.40234375 0.6333840361328125 0.404296875 0.6307828701171875 0.404296875 0.621678787109375 0.4111328125 0.6281817041015625 0.416015625 0.6437887021484375 0.416015625 0.6450892861328125 0.4150390625 0.646389869140625 0.4140625 0.65679453515625 0.4140625 0.659395701171875 0.412109375 0.6619968681640624 0.412109375
0 0.5826612900390625 0.4033203125 0.5657537080078126 0.390625 0.550146708984375 0.390625 0.5488461259765625 0.3916015625 0.5488461259765625 0.3935546875 0.55144729296875 0.3955078125 0.55144729296875 0.3974609375 0.5631525419921874 0.40625 0.5657537080078126 0.40625 0.5735572080078125 0.412109375 0.58136070703125 0.412109375 0.5826612900390625 0.4111328125 0.58526245703125 0.4091796875 0.58526245703125 0.4072265625 0.5826612900390625 0.4052734375 0.5826612900390625 0.4033203125
0 0.5826612900390625 0.4482421875 0.5800601240234375 0.4462890625 0.5800601240234375 0.4443359375 0.57745895703125 0.4423828125 0.57745895703125 0.4404296875 0.568354875 0.43359375 0.5657537080078126 0.43359375 0.561851958984375 0.4365234375 0.561851958984375 0.4384765625 0.5592507919921875 0.4404296875 0.5592507919921875 0.4423828125 0.561851958984375 0.4443359375 0.561851958984375 0.4501953125 0.564453125 0.4521484375 0.564453125 0.4541015625 0.5696554580078125 0.4580078125 0.5696554580078125 0.4599609375 0.5735572080078125 0.462890625 0.5761583740234375 0.462890625 0.578759541015625 0.46484375 0.5800601240234375 0.4638671875 0.58526245703125 0.4619140625 0.58526245703125 0.4521484375 0.5826612900390625 0.4501953125 0.5826612900390625 0.4482421875
0 0.4916204638671875 0.4248046875 0.489019296875 0.4228515625 0.489019296875 0.4189453125 0.482516380859375 0.4140625 0.4773140478515625 0.4140625 0.473412298828125 0.4169921875 0.473412298828125 0.4189453125 0.47601346484375 0.4208984375 0.47601346484375 0.4287109375 0.478614630859375 0.4306640625 0.478614630859375 0.4326171875 0.4812157978515625 0.4345703125 0.4812157978515625 0.4365234375 0.4838169638671875 0.4384765625 0.4838169638671875 0.4404296875 0.4851175478515625 0.44140625 0.4877187138671875 0.44140625 0.490319880859375 0.443359375 0.4916204638671875 0.4423828125 0.4942216298828125 0.4404296875 0.4942216298828125 0.4345703125 0.4916204638671875 0.4326171875 0.4916204638671875 0.4248046875
0 0.54364379296875 0.3564453125 0.541042626953125 0.3544921875 0.541042626953125 0.3505859375 0.5384414599609375 0.3486328125 0.5384414599609375 0.3466796875 0.5358402939453125 0.3447265625 0.5358402939453125 0.3427734375 0.5345397109375 0.341796875 0.5267362109375 0.341796875 0.5228344609375 0.3447265625 0.5228344609375 0.3544921875 0.5254356279296875 0.3564453125 0.5254356279296875 0.3603515625 0.5280367939453126 0.3623046875 0.5280367939453126 0.3662109375 0.5306379609375 0.3681640625 0.5306379609375 0.3701171875 0.537140876953125 0.375 0.5397420439453126 0.375 0.541042626953125 0.3740234375 0.5462449599609375 0.3701171875 0.5462449599609375 0.3662109375 0.54364379296875 0.3642578125 0.54364379296875 0.3564453125
0 0.465608798828125 0.3505859375 0.461707048828125 0.34765625 0.4565047158203125 0.34765625 0.4539035498046875 0.349609375 0.448701216796875 0.349609375 0.431793634765625 0.3623046875 0.431793634765625 0.3701171875 0.4330942177734375 0.37109375 0.4408977177734375 0.37109375 0.44219830078125 0.3701171875 0.44610005078125 0.3671875 0.448701216796875 0.3671875 0.465608798828125 0.3544921875 0.465608798828125 0.3505859375
0 0.4434988837890625 0.328125 0.44610005078125 0.326171875 0.448701216796875 0.326171875 0.4513023837890625 0.32421875 0.4539035498046875 0.32421875 0.4565047158203125 0.322265625 0.4591058828125 0.322265625 0.465608798828125 0.3173828125 0.465608798828125 0.3134765625 0.4643082158203125 0.3125 0.4565047158203125 0.3125 0.4539035498046875 0.314453125 0.448701216796875 0.314453125 0.44610005078125 0.31640625 0.4434988837890625 0.31640625 0.4408977177734375 0.318359375 0.43829655078125 0.318359375 0.435695384765625 0.3203125 0.4330942177734375 0.3203125 0.4304930517578125 0.322265625 0.427891884765625 0.322265625 0.418787802734375 0.3291015625 0.4226895517578125 0.33203125 0.427891884765625 0.33203125 0.42919246875 0.3310546875 0.4304930517578125 0.330078125 0.43829655078125 0.330078125 0.4408977177734375 0.328125 0.4434988837890625 0.328125
0 0.461707048828125 0.298828125 0.4643082158203125 0.296875 0.4669093818359375 0.296875 0.47601346484375 0.2900390625 0.47601346484375 0.2880859375 0.47211171484375 0.28515625 0.4643082158203125 0.28515625 0.461707048828125 0.287109375 0.4565047158203125 0.287109375 0.4539035498046875 0.2890625 0.448701216796875 0.2890625 0.44610005078125 0.291015625 0.4408977177734375 0.291015625 0.43439480078125 0.2958984375 0.43439480078125 0.2998046875 0.43829655078125 0.302734375 0.448701216796875 0.302734375 0.4500017998046875 0.3017578125 0.4513023837890625 0.30078125 0.4565047158203125 0.30078125 0.4591058828125 0.298828125 0.461707048828125 0.298828125
0 0.4161866357421875 0.2978515625 0.418787802734375 0.2958984375 0.418787802734375 0.2919921875 0.42138896875 0.2900390625 0.42138896875 0.2822265625 0.4200883857421875 0.28125 0.414886052734375 0.28125 0.40838313671875 0.2861328125 0.40838313671875 0.2880859375 0.4057819697265625 0.2900390625 0.4057819697265625 0.2919921875 0.4031808037109375 0.2939453125 0.4031808037109375 0.2978515625 0.40057963671875 0.2998046875 0.40057963671875 0.3037109375 0.397978470703125 0.3056640625 0.40448138671875 0.310546875 0.4057819697265625 0.3095703125 0.4135854697265625 0.3037109375 0.4135854697265625 0.3017578125 0.4161866357421875 0.2998046875 0.4161866357421875 0.2978515625
0 0.3524580576171875 0.291015625 0.3550592236328125 0.2890625 0.357660390625 0.2890625 0.360261556640625 0.287109375 0.3628627236328125 0.287109375 0.3654638896484375 0.28515625 0.368065056640625 0.28515625 0.3719668056640625 0.2822265625 0.3719668056640625 0.2783203125 0.368065056640625 0.275390625 0.349856890625 0.275390625 0.347255724609375 0.27734375 0.3446545576171875 0.27734375 0.3420533916015625 0.279296875 0.339452224609375 0.279296875 0.330348142578125 0.2861328125 0.330348142578125 0.2919921875 0.3342498916015625 0.294921875 0.339452224609375 0.294921875 0.34075280859375 0.2939453125 0.3420533916015625 0.29296875 0.347255724609375 0.29296875 0.349856890625 0.291015625 0.3524580576171875 0.291015625
0 0.384972638671875 0.2529296875 0.3784697216796875 0.248046875 0.3524580576171875 0.248046875 0.349856890625 0.25 0.347255724609375 0.25 0.343353974609375 0.2529296875 0.343353974609375 0.2568359375 0.349856890625 0.26171875 0.373267388671875 0.26171875 0.37456797265625 0.2607421875 0.3758685556640625 0.259765625 0.3836720546875 0.259765625 0.384972638671875 0.2587890625 0.384972638671875 0.2529296875
0 0.305637060546875 0.259765625 0.30303589453125 0.2578125 0.2978335615234375 0.2578125 0.29523239453125 0.255859375 0.2874288955078125 0.255859375 0.284827728515625 0.25390625 0.2770242294921875 0.25390625 0.2731224794921875 0.2568359375 0.2731224794921875 0.2626953125 0.2770242294921875 0.265625 0.279625396484375 0.265625 0.2822265625 0.267578125 0.284827728515625 0.267578125 0.2874288955078125 0.26953125 0.3108393935546875 0.26953125 0.3121399765625 0.2685546875 0.3147411435546875 0.2666015625 0.3147411435546875 0.2626953125 0.3108393935546875 0.259765625 0.305637060546875 0.259765625
0 0.254914314453125 0.3564453125 0.254914314453125 0.3544921875 0.2432090654296875 0.345703125 0.2406078984375 0.345703125 0.23540556640625 0.341796875 0.225000900390625 0.341796875 0.221099150390625 0.3447265625 0.221099150390625 0.3466796875 0.22370031640625 0.3486328125 0.22370031640625 0.3505859375 0.238006732421875 0.361328125 0.2406078984375 0.361328125 0.2432090654296875 0.36328125 0.2458102314453125 0.36328125 0.2484113984375 0.365234375 0.2536137314453125 0.365234375 0.254914314453125 0.3642578125 0.254914314453125 0.3623046875 0.2575154814453125 0.3603515625 0.2575154814453125 0.3583984375 0.254914314453125 0.3564453125
0 0.3173423095703125 0.3408203125 0.3199434765625 0.3388671875 0.3199434765625 0.3349609375 0.322544642578125 0.3330078125 0.322544642578125 0.3291015625 0.3251458095703125 0.3271484375 0.3251458095703125 0.3251953125 0.3212440595703125 0.322265625 0.3186428935546875 0.322265625 0.313440560546875 0.326171875 0.3108393935546875 0.326171875 0.309538810546875 0.3271484375 0.309538810546875 0.3291015625 0.3069376435546875 0.3310546875 0.3069376435546875 0.3330078125 0.3043364775390625 0.3349609375 0.3043364775390625 0.3388671875 0.3017353115234375 0.3408203125 0.3017353115234375 0.3466796875 0.305637060546875 0.349609375 0.3108393935546875 0.349609375 0.3121399765625 0.3486328125 0.3147411435546875 0.3466796875 0.3147411435546875 0.3447265625 0.3173423095703125 0.3427734375 0.3173423095703125 0.3408203125
0 0.3446545576171875 0.365234375 0.347255724609375 0.36328125 0.349856890625 0.36328125 0.3524580576171875 0.361328125 0.3550592236328125 0.361328125 0.3615621396484375 0.3564453125 0.3615621396484375 0.3544921875 0.357660390625 0.3515625 0.339452224609375 0.3515625 0.33685105859375 0.353515625 0.3316487255859375 0.353515625 0.32904755859375 0.35546875 0.326446392578125 0.35546875 0.3199434765625 0.3603515625 0.3199434765625 0.3662109375 0.3238452265625 0.369140625 0.32904755859375 0.369140625 0.330348142578125 0.3681640625 0.3316487255859375 0.3671875 0.33685105859375 0.3671875 0.339452224609375 0.365234375 0.3446545576171875 0.365234375
0 0.3953773037109375 0.3818359375 0.397978470703125 0.3798828125 0.397978470703125 0.3662109375 0.394076720703125 0.36328125 0.3914755546875 0.36328125 0.3875738046875 0.3662109375 0.3875738046875 0.3681640625 0.384972638671875 0.3701171875 0.384972638671875 0.3720703125 0.3823714716796875 0.3740234375 0.3823714716796875 0.3759765625 0.3797703056640625 0.3779296875 0.3797703056640625 0.3798828125 0.377169138671875 0.3818359375 0.377169138671875 0.3837890625 0.37456797265625 0.3857421875 0.37456797265625 0.3916015625 0.3758685556640625 0.392578125 0.3862732216796875 0.392578125 0.3875738046875 0.3916015625 0.3927761376953125 0.3876953125 0.3927761376953125 0.3857421875 0.3953773037109375 0.3837890625 0.3953773037109375 0.3818359375
0 0.3446545576171875 0.373046875 0.3420533916015625 0.375 0.339452224609375 0.375 0.3251458095703125 0.3857421875 0.3251458095703125 0.3896484375 0.322544642578125 0.3916015625 0.322544642578125 0.3955078125 0.326446392578125 0.3984375 0.3342498916015625 0.3984375 0.3355504755859375 0.3974609375 0.356359806640625 0.3818359375 0.356359806640625 0.3740234375 0.3550592236328125 0.373046875 0.3446545576171875 0.373046875
0 0.309538810546875 0.3916015625 0.3069376435546875 0.3896484375 0.3069376435546875 0.3876953125 0.3004347275390625 0.3828125 0.292631228515625 0.3828125 0.2913306455078125 0.3837890625 0.2913306455078125 0.3935546875 0.2939318115234375 0.3955078125 0.2939318115234375 0.3994140625 0.296532978515625 0.4013671875 0.296532978515625 0.4052734375 0.29913414453125 0.4072265625 0.29913414453125 0.4091796875 0.3004347275390625 0.41015625 0.30303589453125 0.41015625 0.305637060546875 0.412109375 0.3082382275390625 0.412109375 0.309538810546875 0.4111328125 0.3121399765625 0.4091796875 0.3121399765625 0.3994140625 0.309538810546875 0.3974609375 0.309538810546875 0.3916015625
0 0.357660390625 0.447265625 0.3654638896484375 0.44140625 0.368065056640625 0.44140625 0.3719668056640625 0.4384765625 0.3719668056640625 0.4365234375 0.368065056640625 0.43359375 0.3550592236328125 0.43359375 0.3524580576171875 0.435546875 0.349856890625 0.435546875 0.347255724609375 0.4375 0.3446545576171875 0.4375 0.3381516416015625 0.4423828125 0.3381516416015625 0.4443359375 0.3355504755859375 0.4462890625 0.3355504755859375 0.4482421875 0.339452224609375 0.451171875 0.3446545576171875 0.451171875 0.3459551416015625 0.4501953125 0.347255724609375 0.44921875 0.3524580576171875 0.44921875 0.3550592236328125 0.447265625 0.357660390625 0.447265625
1 0.3108393935546875 0.845703125 0.3199434765625 0.8388671875 0.3199434765625 0.8369140625 0.322544642578125 0.8349609375 0.322544642578125 0.8330078125 0.3199434765625 0.8310546875 0.3199434765625 0.8291015625 0.3186428935546875 0.828125 0.3082382275390625 0.828125 0.305637060546875 0.830078125 0.30303589453125 0.830078125 0.3004347275390625 0.83203125 0.2978335615234375 0.83203125 0.292631228515625 0.8359375 0.2900300615234375 0.8359375 0.2835271455078125 0.8408203125 0.2835271455078125 0.8427734375 0.2809259794921875 0.8447265625 0.2809259794921875 0.8466796875 0.2822265625 0.84765625 0.284827728515625 0.84765625 0.2874288955078125 0.849609375 0.3004347275390625 0.849609375 0.3017353115234375 0.8486328125 0.30303589453125 0.84765625 0.305637060546875 0.84765625 0.3082382275390625 0.845703125 0.3108393935546875 0.845703125
1 0.288729478515625 0.7744140625 0.2822265625 0.76953125 0.2770242294921875 0.76953125 0.2744230634765625 0.767578125 0.2666195634765625 0.767578125 0.2640183974609375 0.765625 0.251012564453125 0.765625 0.2484113984375 0.767578125 0.2458102314453125 0.767578125 0.2445096484375 0.7685546875 0.2445096484375 0.7744140625 0.2536137314453125 0.78125 0.258816064453125 0.78125 0.26141723046875 0.783203125 0.2666195634765625 0.783203125 0.26922073046875 0.78515625 0.279625396484375 0.78515625 0.2809259794921875 0.7841796875 0.2822265625 0.783203125 0.284827728515625 0.783203125 0.288729478515625 0.7802734375 0.288729478515625 0.7744140625
1 0.401880220703125 0.767578125 0.3914755546875 0.767578125 0.3901749716796875 0.7685546875 0.3901749716796875 0.7705078125 0.3875738046875 0.7724609375 0.3875738046875 0.7744140625 0.3901749716796875 0.7763671875 0.3901749716796875 0.7802734375 0.3927761376953125 0.7822265625 0.3927761376953125 0.7841796875 0.4070825537109375 0.794921875 0.4200883857421875 0.794921875 0.42138896875 0.7939453125 0.42138896875 0.7841796875 0.4135854697265625 0.7783203125 0.4135854697265625 0.7763671875 0.401880220703125 0.767578125
1 0.5007245458984375 0.806640625 0.4981233798828125 0.8046875 0.490319880859375 0.8046875 0.4877187138671875 0.802734375 0.469510548828125 0.802734375 0.465608798828125 0.8056640625 0.465608798828125 0.8115234375 0.469510548828125 0.814453125 0.47211171484375 0.814453125 0.4747128818359375 0.81640625 0.47991521484375 0.81640625 0.482516380859375 0.818359375 0.5007245458984375 0.818359375 0.5020251298828124 0.8173828125 0.507227462890625 0.8134765625 0.507227462890625 0.8095703125 0.503325712890625 0.806640625 0.5007245458984375 0.806640625
1 0.635985203125 0.841796875 0.6333840361328125 0.841796875 0.6307828701171875 0.83984375 0.62297937109375 0.83984375 0.6203782041015625 0.837890625 0.612574705078125 0.837890625 0.6099735380859375 0.8359375 0.6021700390625 0.8359375 0.5982682890625 0.8388671875 0.5982682890625 0.8427734375 0.6008694560546874 0.8447265625 0.6008694560546874 0.8466796875 0.6073723720703125 0.8515625 0.61517587109375 0.8515625 0.6177770380859375 0.853515625 0.6411875361328125 0.853515625 0.642488119140625 0.8525390625 0.642488119140625 0.8447265625 0.6411875361328125 0.84375 0.638586369140625 0.84375 0.635985203125 0.841796875
1 0.550146708984375 0.791015625 0.55144729296875 0.7900390625 0.55144729296875 0.7880859375 0.554048458984375 0.7861328125 0.55144729296875 0.7841796875 0.55144729296875 0.7822265625 0.5449443759765625 0.77734375 0.524135044921875 0.77734375 0.5215338779296875 0.779296875 0.5189327119140625 0.779296875 0.516331544921875 0.78125 0.51373037890625 0.78125 0.507227462890625 0.7861328125 0.507227462890625 0.7900390625 0.5111292119140625 0.79296875 0.516331544921875 0.79296875 0.5189327119140625 0.794921875 0.5267362109375 0.794921875 0.5280367939453126 0.7939453125 0.5293373779296875 0.79296875 0.5449443759765625 0.79296875 0.54754554296875 0.791015625 0.550146708984375 0.791015625
1 0.680205033203125 0.755859375 0.684106783203125 0.7529296875 0.684106783203125 0.7490234375 0.6776038662109375 0.744140625 0.6698003671875 0.744140625 0.667199201171875 0.7421875 0.6619968681640624 0.7421875 0.659395701171875 0.744140625 0.646389869140625 0.744140625 0.6411875361328125 0.748046875 0.638586369140625 0.748046875 0.6372857861328125 0.7490234375 0.6372857861328125 0.7568359375 0.638586369140625 0.7578125 0.6411875361328125 0.7578125 0.6437887021484375 0.759765625 0.659395701171875 0.759765625 0.6606962841796875 0.7587890625 0.6619968681640624 0.7578125 0.6750027001953125 0.7578125 0.6776038662109375 0.755859375 0.680205033203125 0.755859375
1 0.7322283623046875 0.6953125 0.7335289462890625 0.6943359375 0.7335289462890625 0.6884765625 0.7296271962890625 0.685546875 0.727026029296875 0.685546875 0.72442486328125 0.68359375 0.7062166982421875 0.68359375 0.70361553125 0.685546875 0.6958120322265625 0.685546875 0.6893091162109375 0.6904296875 0.6893091162109375 0.6943359375 0.6958120322265625 0.69921875 0.71141903125 0.69921875 0.7127196142578125 0.6982421875 0.714020197265625 0.697265625 0.727026029296875 0.697265625 0.7296271962890625 0.6953125 0.7322283623046875 0.6953125
1 0.69971378125 0.6708984375 0.7023149482421875 0.6689453125 0.6958120322265625 0.6640625 0.6880085322265626 0.6640625 0.6711009501953125 0.6767578125 0.6711009501953125 0.6806640625 0.6684997841796875 0.6826171875 0.6684997841796875 0.6884765625 0.6724015341796875 0.69140625 0.6776038662109375 0.69140625 0.6789044501953125 0.6904296875 0.697112615234375 0.6767578125 0.697112615234375 0.6748046875 0.69971378125 0.6728515625 0.69971378125 0.6708984375
1 0.6073723720703125 0.685546875 0.6021700390625 0.681640625 0.5943665390625 0.681640625 0.5930659560546875 0.6826171875 0.5930659560546875 0.6845703125 0.5904647900390625 0.6865234375 0.5904647900390625 0.6884765625 0.5930659560546875 0.6904296875 0.5930659560546875 0.6923828125 0.6099735380859375 0.705078125 0.612574705078125 0.705078125 0.61517587109375 0.70703125 0.6203782041015625 0.70703125 0.62297937109375 0.708984375 0.625580537109375 0.708984375 0.6268811201171876 0.7080078125 0.629482287109375 0.7060546875 0.629482287109375 0.7001953125 0.6099735380859375 0.685546875 0.6073723720703125 0.685546875
1 0.5826612900390625 0.7138671875 0.58526245703125 0.7119140625 0.58526245703125 0.7041015625 0.587863623046875 0.7021484375 0.587863623046875 0.6962890625 0.58526245703125 0.6943359375 0.58526245703125 0.6923828125 0.5839618740234375 0.69140625 0.58136070703125 0.69140625 0.578759541015625 0.689453125 0.5722566240234375 0.6943359375 0.5722566240234375 0.6962890625 0.5696554580078125 0.6982421875 0.5696554580078125 0.7021484375 0.567054291015625 0.7041015625 0.567054291015625 0.7080078125 0.564453125 0.7099609375 0.564453125 0.7197265625 0.567054291015625 0.7216796875 0.567054291015625 0.7236328125 0.568354875 0.724609375 0.5761583740234375 0.724609375 0.57745895703125 0.7236328125 0.5800601240234375 0.7216796875 0.5800601240234375 0.7197265625 0.5826612900390625 0.7177734375 0.5826612900390625 0.7138671875
1 0.5566496259765625 0.6611328125 0.5566496259765625 0.6396484375 0.5527478759765625 0.63671875 0.5449443759765625 0.63671875 0.54364379296875 0.6376953125 0.54364379296875 0.6396484375 0.541042626953125 0.6416015625 0.541042626953125 0.6455078125 0.5384414599609375 0.6474609375 0.5384414599609375 0.6572265625 0.5358402939453125 0.6591796875 0.5358402939453125 0.6669921875 0.5397420439453126 0.669921875 0.550146708984375 0.669921875 0.55144729296875 0.6689453125 0.55144729296875 0.6669921875 0.554048458984375 0.6650390625 0.554048458984375 0.6630859375 0.5566496259765625 0.6611328125
1 0.6268811201171876 0.6240234375 0.6203782041015625 0.619140625 0.61517587109375 0.619140625 0.6138752880859375 0.6201171875 0.6138752880859375 0.6220703125 0.61127412109375 0.6240234375 0.61127412109375 0.6455078125 0.6138752880859375 0.6474609375 0.6138752880859375 0.6494140625 0.6177770380859375 0.65234375 0.62297937109375 0.65234375 0.6242799541015625 0.6513671875 0.629482287109375 0.6474609375 0.629482287109375 0.6279296875 0.6268811201171876 0.6259765625 0.6268811201171876 0.6240234375
1 0.4955222138671875 0.65234375 0.492921046875 0.65234375 0.4877187138671875 0.6484375 0.4851175478515625 0.6484375 0.482516380859375 0.646484375 0.47211171484375 0.646484375 0.4682099658203125 0.6494140625 0.4682099658203125 0.6533203125 0.473412298828125 0.6572265625 0.473412298828125 0.6591796875 0.47991521484375 0.6640625 0.482516380859375 0.6640625 0.4877187138671875 0.66796875 0.492921046875 0.66796875 0.4955222138671875 0.669921875 0.503325712890625 0.669921875 0.5046262958984375 0.6689453125 0.50982862890625 0.6650390625 0.507227462890625 0.6630859375 0.507227462890625 0.6611328125 0.4955222138671875 0.65234375
1 0.465608798828125 0.6982421875 0.465608798828125 0.6962890625 0.4604064658203125 0.6923828125 0.4604064658203125 0.6904296875 0.448701216796875 0.681640625 0.4408977177734375 0.681640625 0.4369959677734375 0.6845703125 0.4369959677734375 0.6904296875 0.4395971337890625 0.6923828125 0.4395971337890625 0.6962890625 0.4474006337890625 0.7021484375 0.4474006337890625 0.7041015625 0.4565047158203125 0.7109375 0.469510548828125 0.7109375 0.4708111318359375 0.7099609375 0.4708111318359375 0.7041015625 0.4682099658203125 0.7021484375 0.4682099658203125 0.7001953125 0.465608798828125 0.6982421875
1 0.418787802734375 0.7177734375 0.42138896875 0.7158203125 0.42138896875 0.7138671875 0.4239901357421875 0.7119140625 0.4239901357421875 0.7099609375 0.4265913017578125 0.7080078125 0.4265913017578125 0.7001953125 0.42529071875 0.69921875 0.4226895517578125 0.69921875 0.4200883857421875 0.697265625 0.41748721875 0.69921875 0.414886052734375 0.69921875 0.4057819697265625 0.7060546875 0.4057819697265625 0.7080078125 0.4031808037109375 0.7099609375 0.4031808037109375 0.7119140625 0.40057963671875 0.7138671875 0.40057963671875 0.7158203125 0.397978470703125 0.7177734375 0.397978470703125 0.7275390625 0.3992790537109375 0.728515625 0.4096837197265625 0.728515625 0.410984302734375 0.7275390625 0.4161866357421875 0.7236328125 0.4161866357421875 0.7216796875 0.418787802734375 0.7197265625 0.418787802734375 0.7177734375
1 0.330348142578125 0.7060546875 0.3277469755859375 0.7041015625 0.3277469755859375 0.7021484375 0.3160417265625 0.693359375 0.313440560546875 0.693359375 0.3108393935546875 0.69140625 0.30303589453125 0.69140625 0.29913414453125 0.6943359375 0.29913414453125 0.7001953125 0.3043364775390625 0.7041015625 0.3043364775390625 0.7060546875 0.3212440595703125 0.71875 0.32904755859375 0.71875 0.330348142578125 0.7177734375 0.33294930859375 0.7158203125 0.33294930859375 0.7099609375 0.330348142578125 0.7080078125 0.330348142578125 0.7060546875
1 0.1859834033203125 0.62109375 0.183382236328125 0.619140625 0.1781799033203125 0.619140625 0.1742781533203125 0.6220703125 0.1742781533203125 0.6298828125 0.1820816533203125 0.6357421875 0.1820816533203125 0.6376953125 0.1885845693359375 0.642578125 0.191185736328125 0.642578125 0.196388068359375 0.646484375 0.1989892353515625 0.646484375 0.2015904013671875 0.6484375 0.206792734375 0.6484375 0.208093318359375 0.6474609375 0.2132956513671875 0.6435546875 0.2132956513671875 0.6396484375 0.1885845693359375 0.62109375 0.1859834033203125 0.62109375
1 0.2835271455078125 0.6396484375 0.2861283125 0.6376953125 0.2861283125 0.6357421875 0.288729478515625 0.6337890625 0.288729478515625 0.6279296875 0.2913306455078125 0.6259765625 0.2913306455078125 0.6201171875 0.2874288955078125 0.6171875 0.2822265625 0.6171875 0.2783248125 0.6201171875 0.2783248125 0.6220703125 0.2731224794921875 0.6259765625 0.2731224794921875 0.6279296875 0.2705213134765625 0.6298828125 0.2705213134765625 0.6337890625 0.267920146484375 0.6357421875 0.267920146484375 0.6474609375 0.271821896484375 0.650390625 0.2770242294921875 0.650390625 0.2783248125 0.6494140625 0.2809259794921875 0.6474609375 0.2809259794921875 0.6455078125 0.2835271455078125 0.6435546875 0.2835271455078125 0.6396484375
1 0.3758685556640625 0.642578125 0.373267388671875 0.640625 0.357660390625 0.640625 0.353758640625 0.6435546875 0.353758640625 0.6474609375 0.360261556640625 0.65234375 0.3654638896484375 0.65234375 0.368065056640625 0.654296875 0.3758685556640625 0.654296875 0.3784697216796875 0.65625 0.3914755546875 0.65625 0.3927761376953125 0.6552734375 0.397978470703125 0.6513671875 0.397978470703125 0.6494140625 0.3888743876953125 0.642578125 0.3758685556640625 0.642578125
1 0.47601346484375 0.5927734375 0.47211171484375 0.58984375 0.4643082158203125 0.58984375 0.461707048828125 0.591796875 0.4591058828125 0.591796875 0.448701216796875 0.599609375 0.44610005078125 0.599609375 0.44219830078125 0.6025390625 0.44219830078125 0.6044921875 0.4395971337890625 0.6064453125 0.4395971337890625 0.6083984375 0.4369959677734375 0.6103515625 0.4369959677734375 0.6123046875 0.4408977177734375 0.615234375 0.4513023837890625 0.615234375 0.452602966796875 0.6142578125 0.4539035498046875 0.61328125 0.4565047158203125 0.61328125 0.47601346484375 0.5986328125 0.47601346484375 0.5927734375